0	145	1
0	146	1
0	147	1
0	148	1
0	149	1
0	150	1
0	151	1
0	152	1
0	153	1
0	154	1
0	155	1
0	156	1
0	157	1
0	158	1
0	159	1
0	160	1
0	161	1
0	162	1
0	163	1
0	164	1
0	165	1
0	166	1
0	167	1
0	168	1
0	169	1
0	170	1
0	171	1
0	172	1
0	173	1
0	174	1
0	175	1
0	176	1
0	177	1
0	178	1
0	179	1
0	180	1
0	181	1
0	182	1
0	183	1
0	184	1
0	185	1
0	186	1
0	187	1
0	188	1
0	189	1
0	190	1
0	191	1
0	192	1
0	193	1
0	194	1
0	195	1
0	196	1
0	197	1
0	198	1
0	199	2

1	90	1
1	91	1
1	92	1
1	93	1
1	94	1
1	95	1
1	96	1
1	97	1
1	98	1
1	99	1
1	100	1
1	101	1
1	102	1
1	103	1
1	104	1
1	105	1
1	106	1
1	107	1
1	108	1
1	109	1
1	110	1
1	111	1
1	112	1
1	113	1
1	114	1
1	115	1
1	116	1
1	117	1
1	118	1
1	119	1
1	120	1
1	121	1
1	122	1
1	123	1
1	124	1
1	125	1
1	126	1
1	127	1
1	128	1
1	129	1
1	130	1
1	131	1
1	132	1
1	133	1
1	134	1
1	135	1
1	136	1
1	137	1
1	138	1
1	139	1
1	140	1
1	141	1
1	142	1
1	143	1
1	144	1
1	145	1
1	187	1

2	35	1
2	36	1
2	37	1
2	38	1
2	39	1
2	40	1
2	41	1
2	42	1
2	43	1
2	44	1
2	45	1
2	46	1
2	47	1
2	48	1
2	49	1
2	50	1
2	51	1
2	52	1
2	53	1
2	54	1
2	55	1
2	56	1
2	57	1
2	58	1
2	59	1
2	60	1
2	61	1
2	62	1
2	63	1
2	64	1
2	65	1
2	66	1
2	67	1
2	68	1
2	69	1
2	70	1
2	71	1
2	72	1
2	73	1
2	74	1
2	75	1
2	76	1
2	77	1
2	78	1
2	79	1
2	80	1
2	81	1
2	82	1
2	83	1
2	84	1
2	85	1
2	86	1
2	87	1
2	88	1
2	89	1
2	90	1
2	176	1

3	0	1
3	1	1
3	2	1
3	3	1
3	4	1
3	5	1
3	6	1
3	7	1
3	8	1
3	9	1
3	10	1
3	11	1
3	12	1
3	13	1
3	14	1
3	15	1
3	16	1
3	17	1
3	18	1
3	19	1
3	20	1
3	21	1
3	22	1
3	23	1
3	24	1
3	25	1
3	26	1
3	27	1
3	28	1
3	29	1
3	30	1
3	31	1
3	32	1
3	33	1
3	34	1
3	35	1
3	165	1

4	155	1

5	146	1

6	137	1

7	129	1

8	121	1

9	113	1

10	107	1

11	100	1

12	94	1

13	88	1

14	83	1

15	78	1

16	73	1

17	69	1

18	64	1

19	60	1

20	57	1

21	53	1

22	50	1

23	47	1

24	44	1

25	41	1

26	39	1

27	36	1

28	34	1

29	32	1

30	30	1

31	28	1

32	27	1

33	25	1

34	23	1

35	22	1

36	21	1

37	19	1

38	18	1

39	17	1

40	16	1

41	15	1

42	14	1

43	13	1

44	12	1

45	12	1

46	11	1

47	10	1

48	9	1

49	9	1

50	8	1

51	8	1

52	7	1

53	7	1

54	6	1

55	6	1

56	6	1

57	5	1

58	5	1

59	5	1

60	4	1

61	4	1

62	4	1

63	3	1

64	3	1

65	3	1

66	3	1

67	3	1

68	2	1

69	2	1

70	2	1

71	2	1

72	2	1

73	2	1

74	1	1

75	1	1

76	1	1

77	1	1

78	1	1

79	1	1

80	1	1

81	1	1

82	1	1

83	1	1

84	1	1

85	0	1

86	0	1

87	0	1

88	0	1

89	0	1

90	0	1

91	0	1

92	0	1

93	0	1

94	0	1

95	0	1

96	0	1

97	0	1

98	0	1

99	0	1

100	0	1

101	0	1

102	0	1

103	0	1

104	0	1

105	0	1

106	0	1

107	0	1

108	0	1

109	0	1

110	0	1

111	0	1

112	0	1

113	0	1

114	0	1

115	0	1

116	0	1

117	0	1

118	0	1

119	0	1

120	0	1

121	0	1

122	0	1

123	0	1

124	0	1

125	0	1

126	0	1

127	0	1

128	0	1

129	0	1

130	0	1

131	0	1

132	0	1

133	0	1

134	0	1

135	0	1

136	0	1

137	0	1

138	0	1

139	0	1

140	0	1

141	0	1

142	0	1

143	0	1

144	0	1

145	0	1

146	0	1

147	0	1

148	0	1

149	0	1

150	0	1

151	0	1

152	0	1

153	0	1

154	0	1

155	0	1

156	0	1

157	0	1

158	0	1

159	0	1

160	0	1

161	0	1

162	0	1

163	0	1

164	0	1

165	0	1

166	0	1

167	0	1

168	0	1

169	0	1

170	0	1

171	0	1

172	0	1

173	0	1

174	0	1

175	0	1

176	0	1

177	0	1

178	0	1

179	0	1

180	0	1

181	0	1

182	0	1

183	0	1

184	0	1

185	0	1

186	0	1

187	0	1

188	0	1

189	0	1

190	0	1

191	0	1

192	0	1

193	0	1

194	0	1

195	0	1

196	0	1

197	0	1

198	0	1

199	0	1

200	0	1

201	0	1

202	0	1

203	0	1

204	0	1

205	0	1

206	0	1

207	0	1

208	0	1

209	0	1

210	0	1

211	0	1

212	0	1

213	0	1

214	0	1

215	0	1

216	0	1

217	0	1

218	0	1

219	0	1

220	0	1

221	0	1

222	0	1

223	0	1

224	0	1

225	0	1

226	0	1

227	0	1

228	0	1

229	0	1

230	0	1

231	0	1

232	0	1

233	0	1

234	0	1

235	0	1

236	0	1

237	0	1

238	0	1

239	0	1

240	0	1

241	0	1

242	0	1

243	0	1

244	0	1

245	0	1

246	0	1

247	0	1

248	0	1

249	0	1

250	0	1

251	0	1

252	0	1

253	0	1

254	0	1

255	0	1

256	0	1

257	0	1

258	0	1

259	0	1

260	0	1

261	0	1

262	0	1

263	0	1

264	0	1

265	0	1

266	0	1

267	0	1

268	0	1

269	0	1

270	0	1

271	0	1

272	0	1

273	0	1

274	0	1

275	0	1

276	0	1

277	0	1

278	0	1

279	0	1

280	0	1

281	0	1

282	0	1

283	0	1

284	0	1

285	0	1

286	0	1

287	0	1

288	0	1

289	0	1

290	0	1

291	0	1

292	0	1

293	0	1

294	0	1

295	0	1

296	0	1

297	0	1

298	0	1

299	0	1

300	0	1

301	0	1

302	0	1

303	0	1

304	0	1

305	0	1

306	0	1

307	0	1

308	0	1

309	0	1

310	0	1

311	0	1

312	0	1

313	0	1

314	0	1

315	0	1

316	0	1

317	0	1

318	0	1

319	0	1

320	0	1

321	0	1

322	0	1

323	0	1

324	0	1

325	0	1

326	0	1

327	0	1

328	0	1

329	0	1

330	0	1

331	0	1

332	0	1

333	0	1

334	0	1

335	0	1

336	0	1

337	0	1

338	0	1

339	0	1

340	0	1

341	0	1

342	0	1

343	0	1

344	0	1

345	0	1

346	0	1

347	0	1

348	0	1

349	0	1

350	0	1

351	0	1

352	0	1

353	0	1

354	0	1

355	0	1

356	0	1

357	0	1

358	0	1

359	0	1

360	0	1

361	0	1

362	0	1

363	0	1

364	0	1

365	0	1

366	0	1

367	0	1

368	0	1

369	0	1

370	0	1

371	0	1

372	0	1

373	0	1

374	0	1

375	0	1

376	0	1

377	0	1

378	0	1

379	0	1

380	0	1

381	0	1

382	0	1

383	0	1

384	0	1

385	0	1

386	0	1

387	0	1

388	0	1

389	0	1

390	0	1

391	0	1

392	0	1

393	0	1

394	0	1

395	0	1

396	0	1

397	0	1

398	0	1

399	0	1

