0	190	1e-05
0	191	1e-05
0	192	1e-05
0	193	1e-05
0	194	1e-05
0	195	1e-05
0	196	1e-05
0	197	1e-05
0	198	1e-05
0	199	1e-05

1	190	1e-05
1	191	1e-05
1	192	1e-05
1	193	1e-05
1	194	1e-05
1	195	1e-05
1	196	1e-05
1	197	1e-05
1	198	1e-05
1	199	1e-05

2	190	1e-05
2	191	1e-05
2	192	1e-05
2	193	1e-05
2	194	1e-05
2	195	1e-05
2	196	1e-05
2	197	1e-05
2	198	1e-05
2	199	1e-05

3	190	1e-05
3	191	1e-05
3	192	1e-05
3	193	1e-05
3	194	1e-05
3	195	1e-05
3	196	1e-05
3	197	1e-05
3	198	1e-05
3	199	1e-05

4	190	1e-05
4	191	1e-05
4	192	1e-05
4	193	1e-05
4	194	1e-05
4	195	1e-05
4	196	1e-05
4	197	1e-05
4	198	1e-05
4	199	1e-05

5	190	1e-05
5	191	1e-05
5	192	1e-05
5	193	1e-05
5	194	1e-05
5	195	1e-05
5	196	1e-05
5	197	1e-05
5	198	1e-05
5	199	1e-05

6	190	1e-05
6	191	1e-05
6	192	1e-05
6	193	1e-05
6	194	1e-05
6	195	1e-05
6	196	1e-05
6	197	1e-05
6	198	1e-05
6	199	1e-05

7	190	1e-05
7	191	1e-05
7	192	1e-05
7	193	1e-05
7	194	1e-05
7	195	1e-05
7	196	1e-05
7	197	1e-05
7	198	1e-05
7	199	1e-05

8	190	1e-05
8	191	1e-05
8	192	1e-05
8	193	1e-05
8	194	1e-05
8	195	1e-05
8	196	1e-05
8	197	1e-05
8	198	1e-05
8	199	1e-05

9	190	1e-05
9	191	1e-05
9	192	1e-05
9	193	1e-05
9	194	1e-05
9	195	1e-05
9	196	1e-05
9	197	1e-05
9	198	1e-05
9	199	1e-05

10	190	1e-05
10	191	1e-05
10	192	1e-05
10	193	1e-05
10	194	1e-05
10	195	1e-05
10	196	1e-05
10	197	1e-05
10	198	1e-05
10	199	1e-05

11	190	1e-05
11	191	1e-05
11	192	1e-05
11	193	1e-05
11	194	1e-05
11	195	1e-05
11	196	1e-05
11	197	1e-05
11	198	1e-05
11	199	1e-05

12	190	1e-05
12	191	1e-05
12	192	1e-05
12	193	1e-05
12	194	1e-05
12	195	1e-05
12	196	1e-05
12	197	1e-05
12	198	1e-05
12	199	1e-05

13	190	1e-05
13	191	1e-05
13	192	1e-05
13	193	1e-05
13	194	1e-05
13	195	1e-05
13	196	1e-05
13	197	1e-05
13	198	1e-05
13	199	1e-05

14	190	1e-05
14	191	1e-05
14	192	1e-05
14	193	1e-05
14	194	1e-05
14	195	1e-05
14	196	1e-05
14	197	1e-05
14	198	1e-05
14	199	1e-05

15	190	1e-05
15	191	1e-05
15	192	1e-05
15	193	1e-05
15	194	1e-05
15	195	1e-05
15	196	1e-05
15	197	1e-05
15	198	1e-05
15	199	1e-05

16	190	1e-05
16	191	1e-05
16	192	1e-05
16	193	1e-05
16	194	1e-05
16	195	1e-05
16	196	1e-05
16	197	1e-05
16	198	1e-05
16	199	1e-05

17	190	1e-05
17	191	1e-05
17	192	1e-05
17	193	1e-05
17	194	1e-05
17	195	1e-05
17	196	1e-05
17	197	1e-05
17	198	1e-05
17	199	1e-05

18	190	1e-05
18	191	1e-05
18	192	1e-05
18	193	1e-05
18	194	1e-05
18	195	1e-05
18	196	1e-05
18	197	1e-05
18	198	1e-05
18	199	1e-05

19	190	1e-05
19	191	1e-05
19	192	1e-05
19	193	1e-05
19	194	1e-05
19	195	1e-05
19	196	1e-05
19	197	1e-05
19	198	1e-05
19	199	1e-05

20	190	1e-05
20	191	1e-05
20	192	1e-05
20	193	1e-05
20	194	1e-05
20	195	1e-05
20	196	1e-05
20	197	1e-05
20	198	4979
20	199	5021

21	190	1e-05
21	191	1e-05
21	192	1e-05
21	193	1e-05
21	194	1e-05
21	195	1e-05
21	196	1e-05
21	197	1e-05
21	198	1e-05
21	199	1e-05

22	190	1e-05
22	191	1e-05
22	192	1e-05
22	193	1e-05
22	194	1e-05
22	195	1e-05
22	196	1e-05
22	197	1e-05
22	198	1e-05
22	199	1e-05

23	190	1e-05
23	191	1e-05
23	192	1e-05
23	193	1e-05
23	194	1e-05
23	195	1e-05
23	196	1e-05
23	197	1e-05
23	198	1e-05
23	199	1e-05

24	190	1e-05
24	191	1e-05
24	192	1e-05
24	193	1e-05
24	194	1e-05
24	195	1e-05
24	196	1e-05
24	197	1e-05
24	198	1e-05
24	199	1e-05

25	190	1e-05
25	191	1e-05
25	192	1e-05
25	193	1e-05
25	194	1e-05
25	195	1e-05
25	196	1e-05
25	197	1e-05
25	198	1e-05
25	199	1e-05

26	190	1e-05
26	191	1e-05
26	192	1e-05
26	193	1e-05
26	194	1e-05
26	195	1e-05
26	196	1e-05
26	197	1e-05
26	198	1e-05
26	199	1e-05

27	190	1e-05
27	191	1e-05
27	192	1e-05
27	193	1e-05
27	194	1e-05
27	195	1e-05
27	196	1e-05
27	197	1e-05
27	198	1e-05
27	199	1e-05

28	190	1e-05
28	191	1e-05
28	192	1e-05
28	193	1e-05
28	194	1e-05
28	195	1e-05
28	196	1e-05
28	197	1e-05
28	198	1e-05
28	199	1e-05

29	190	1e-05
29	191	1e-05
29	192	1e-05
29	193	1e-05
29	194	1e-05
29	195	1e-05
29	196	1e-05
29	197	1e-05
29	198	1e-05
29	199	1e-05

30	190	1e-05
30	191	1e-05
30	192	1e-05
30	193	1e-05
30	194	1e-05
30	195	1e-05
30	196	1e-05
30	197	1e-05
30	198	1e-05
30	199	1e-05

31	190	1e-05
31	191	1e-05
31	192	1e-05
31	193	1e-05
31	194	1e-05
31	195	1e-05
31	196	1e-05
31	197	1e-05
31	198	1e-05
31	199	1e-05

32	190	1e-05
32	191	1e-05
32	192	1e-05
32	193	1e-05
32	194	1e-05
32	195	1e-05
32	196	1e-05
32	197	1e-05
32	198	1e-05
32	199	1e-05

33	190	1e-05
33	191	1e-05
33	192	1e-05
33	193	1e-05
33	194	1e-05
33	195	1e-05
33	196	1e-05
33	197	1e-05
33	198	1e-05
33	199	1e-05

34	190	1e-05
34	191	1e-05
34	192	1e-05
34	193	1e-05
34	194	1e-05
34	195	1e-05
34	196	1e-05
34	197	1e-05
34	198	1e-05
34	199	1e-05

35	190	1e-05
35	191	1e-05
35	192	1e-05
35	193	1e-05
35	194	1e-05
35	195	1e-05
35	196	1e-05
35	197	1e-05
35	198	1e-05
35	199	1e-05

36	190	1e-05
36	191	1e-05
36	192	1e-05
36	193	1e-05
36	194	1e-05
36	195	1e-05
36	196	1e-05
36	197	1e-05
36	198	1e-05
36	199	1e-05

37	190	1e-05
37	191	1e-05
37	192	1e-05
37	193	1e-05
37	194	1e-05
37	195	1e-05
37	196	1e-05
37	197	1e-05
37	198	1e-05
37	199	1e-05

38	190	1e-05
38	191	1e-05
38	192	1e-05
38	193	1e-05
38	194	1e-05
38	195	1e-05
38	196	1e-05
38	197	1e-05
38	198	1e-05
38	199	1e-05

39	190	1e-05
39	191	1e-05
39	192	1e-05
39	193	1e-05
39	194	1e-05
39	195	1e-05
39	196	1e-05
39	197	1e-05
39	198	1e-05
39	199	1e-05

40	190	1e-05
40	191	1e-05
40	192	1e-05
40	193	1e-05
40	194	1e-05
40	195	1e-05
40	196	1e-05
40	197	2445
40	198	4987
40	199	2568

41	190	1e-05
41	191	1e-05
41	192	1e-05
41	193	1e-05
41	194	1e-05
41	195	1e-05
41	196	1e-05
41	197	1e-05
41	198	1e-05
41	199	1e-05

42	190	1e-05
42	191	1e-05
42	192	1e-05
42	193	1e-05
42	194	1e-05
42	195	1e-05
42	196	1e-05
42	197	1e-05
42	198	1e-05
42	199	1e-05

43	190	1e-05
43	191	1e-05
43	192	1e-05
43	193	1e-05
43	194	1e-05
43	195	1e-05
43	196	1e-05
43	197	1e-05
43	198	1e-05
43	199	1e-05

44	190	1e-05
44	191	1e-05
44	192	1e-05
44	193	1e-05
44	194	1e-05
44	195	1e-05
44	196	1e-05
44	197	1e-05
44	198	1e-05
44	199	1e-05

45	190	1e-05
45	191	1e-05
45	192	1e-05
45	193	1e-05
45	194	1e-05
45	195	1e-05
45	196	1e-05
45	197	1e-05
45	198	1e-05
45	199	1e-05

46	190	1e-05
46	191	1e-05
46	192	1e-05
46	193	1e-05
46	194	1e-05
46	195	1e-05
46	196	1e-05
46	197	1e-05
46	198	1e-05
46	199	1e-05

47	190	1e-05
47	191	1e-05
47	192	1e-05
47	193	1e-05
47	194	1e-05
47	195	1e-05
47	196	1e-05
47	197	1e-05
47	198	1e-05
47	199	1e-05

48	190	1e-05
48	191	1e-05
48	192	1e-05
48	193	1e-05
48	194	1e-05
48	195	1e-05
48	196	1e-05
48	197	1e-05
48	198	1e-05
48	199	1e-05

49	190	1e-05
49	191	1e-05
49	192	1e-05
49	193	1e-05
49	194	1e-05
49	195	1e-05
49	196	1e-05
49	197	1e-05
49	198	1e-05
49	199	1e-05

50	190	1e-05
50	191	1e-05
50	192	1e-05
50	193	1e-05
50	194	1e-05
50	195	1e-05
50	196	1e-05
50	197	1e-05
50	198	1e-05
50	199	1e-05

51	190	1e-05
51	191	1e-05
51	192	1e-05
51	193	1e-05
51	194	1e-05
51	195	1e-05
51	196	1e-05
51	197	1e-05
51	198	1e-05
51	199	1e-05

52	190	1e-05
52	191	1e-05
52	192	1e-05
52	193	1e-05
52	194	1e-05
52	195	1e-05
52	196	1e-05
52	197	1e-05
52	198	1e-05
52	199	1e-05

53	190	1e-05
53	191	1e-05
53	192	1e-05
53	193	1e-05
53	194	1e-05
53	195	1e-05
53	196	1e-05
53	197	1e-05
53	198	1e-05
53	199	1e-05

54	190	1e-05
54	191	1e-05
54	192	1e-05
54	193	1e-05
54	194	1e-05
54	195	1e-05
54	196	1e-05
54	197	1e-05
54	198	1e-05
54	199	1e-05

55	190	1e-05
55	191	1e-05
55	192	1e-05
55	193	1e-05
55	194	1e-05
55	195	1e-05
55	196	1e-05
55	197	1e-05
55	198	1e-05
55	199	1e-05

56	190	1e-05
56	191	1e-05
56	192	1e-05
56	193	1e-05
56	194	1e-05
56	195	1e-05
56	196	1e-05
56	197	1e-05
56	198	1e-05
56	199	1e-05

57	190	1e-05
57	191	1e-05
57	192	1e-05
57	193	1e-05
57	194	1e-05
57	195	1e-05
57	196	1e-05
57	197	1e-05
57	198	1e-05
57	199	1e-05

58	190	1e-05
58	191	1e-05
58	192	1e-05
58	193	1e-05
58	194	1e-05
58	195	1e-05
58	196	1e-05
58	197	1e-05
58	198	1e-05
58	199	1e-05

59	190	1e-05
59	191	1e-05
59	192	1e-05
59	193	1e-05
59	194	1e-05
59	195	1e-05
59	196	1e-05
59	197	1e-05
59	198	1e-05
59	199	1e-05

60	190	1e-05
60	191	1e-05
60	192	1e-05
60	193	1e-05
60	194	1e-05
60	195	1e-05
60	196	1206
60	197	3703
60	198	3794
60	199	1297

61	190	1e-05
61	191	1e-05
61	192	1e-05
61	193	1e-05
61	194	1e-05
61	195	1e-05
61	196	1e-05
61	197	1e-05
61	198	1e-05
61	199	1e-05

62	190	1e-05
62	191	1e-05
62	192	1e-05
62	193	1e-05
62	194	1e-05
62	195	1e-05
62	196	1e-05
62	197	1e-05
62	198	1e-05
62	199	1e-05

63	190	1e-05
63	191	1e-05
63	192	1e-05
63	193	1e-05
63	194	1e-05
63	195	1e-05
63	196	1e-05
63	197	1e-05
63	198	1e-05
63	199	1e-05

64	190	1e-05
64	191	1e-05
64	192	1e-05
64	193	1e-05
64	194	1e-05
64	195	1e-05
64	196	1e-05
64	197	1e-05
64	198	1e-05
64	199	1e-05

65	190	1e-05
65	191	1e-05
65	192	1e-05
65	193	1e-05
65	194	1e-05
65	195	1e-05
65	196	1e-05
65	197	1e-05
65	198	1e-05
65	199	1e-05

66	190	1e-05
66	191	1e-05
66	192	1e-05
66	193	1e-05
66	194	1e-05
66	195	1e-05
66	196	1e-05
66	197	1e-05
66	198	1e-05
66	199	1e-05

67	190	1e-05
67	191	1e-05
67	192	1e-05
67	193	1e-05
67	194	1e-05
67	195	1e-05
67	196	1e-05
67	197	1e-05
67	198	1e-05
67	199	1e-05

68	190	1e-05
68	191	1e-05
68	192	1e-05
68	193	1e-05
68	194	1e-05
68	195	1e-05
68	196	1e-05
68	197	1e-05
68	198	1e-05
68	199	1e-05

69	190	1e-05
69	191	1e-05
69	192	1e-05
69	193	1e-05
69	194	1e-05
69	195	1e-05
69	196	1e-05
69	197	1e-05
69	198	1e-05
69	199	1e-05

70	190	1e-05
70	191	1e-05
70	192	1e-05
70	193	1e-05
70	194	1e-05
70	195	1e-05
70	196	1e-05
70	197	1e-05
70	198	1e-05
70	199	1e-05

71	190	1e-05
71	191	1e-05
71	192	1e-05
71	193	1e-05
71	194	1e-05
71	195	1e-05
71	196	1e-05
71	197	1e-05
71	198	1e-05
71	199	1e-05

72	190	1e-05
72	191	1e-05
72	192	1e-05
72	193	1e-05
72	194	1e-05
72	195	1e-05
72	196	1e-05
72	197	1e-05
72	198	1e-05
72	199	1e-05

73	190	1e-05
73	191	1e-05
73	192	1e-05
73	193	1e-05
73	194	1e-05
73	195	1e-05
73	196	1e-05
73	197	1e-05
73	198	1e-05
73	199	1e-05

74	190	1e-05
74	191	1e-05
74	192	1e-05
74	193	1e-05
74	194	1e-05
74	195	1e-05
74	196	1e-05
74	197	1e-05
74	198	1e-05
74	199	1e-05

75	190	1e-05
75	191	1e-05
75	192	1e-05
75	193	1e-05
75	194	1e-05
75	195	1e-05
75	196	1e-05
75	197	1e-05
75	198	1e-05
75	199	1e-05

76	190	1e-05
76	191	1e-05
76	192	1e-05
76	193	1e-05
76	194	1e-05
76	195	1e-05
76	196	1e-05
76	197	1e-05
76	198	1e-05
76	199	1e-05

77	190	1e-05
77	191	1e-05
77	192	1e-05
77	193	1e-05
77	194	1e-05
77	195	1e-05
77	196	1e-05
77	197	1e-05
77	198	1e-05
77	199	1e-05

78	190	1e-05
78	191	1e-05
78	192	1e-05
78	193	1e-05
78	194	1e-05
78	195	1e-05
78	196	1e-05
78	197	1e-05
78	198	1e-05
78	199	1e-05

79	190	1e-05
79	191	1e-05
79	192	1e-05
79	193	1e-05
79	194	1e-05
79	195	1e-05
79	196	1e-05
79	197	1e-05
79	198	1e-05
79	199	1e-05

80	190	1e-05
80	191	1e-05
80	192	1e-05
80	193	1e-05
80	194	1e-05
80	195	565
80	196	2523
80	197	3686
80	198	2561
80	199	665

81	190	1e-05
81	191	1e-05
81	192	1e-05
81	193	1e-05
81	194	1e-05
81	195	1e-05
81	196	1e-05
81	197	1e-05
81	198	1e-05
81	199	1e-05

82	190	1e-05
82	191	1e-05
82	192	1e-05
82	193	1e-05
82	194	1e-05
82	195	1e-05
82	196	1e-05
82	197	1e-05
82	198	1e-05
82	199	1e-05

83	190	1e-05
83	191	1e-05
83	192	1e-05
83	193	1e-05
83	194	1e-05
83	195	1e-05
83	196	1e-05
83	197	1e-05
83	198	1e-05
83	199	1e-05

84	190	1e-05
84	191	1e-05
84	192	1e-05
84	193	1e-05
84	194	1e-05
84	195	1e-05
84	196	1e-05
84	197	1e-05
84	198	1e-05
84	199	1e-05

85	190	1e-05
85	191	1e-05
85	192	1e-05
85	193	1e-05
85	194	1e-05
85	195	1e-05
85	196	1e-05
85	197	1e-05
85	198	1e-05
85	199	1e-05

86	190	1e-05
86	191	1e-05
86	192	1e-05
86	193	1e-05
86	194	1e-05
86	195	1e-05
86	196	1e-05
86	197	1e-05
86	198	1e-05
86	199	1e-05

87	190	1e-05
87	191	1e-05
87	192	1e-05
87	193	1e-05
87	194	1e-05
87	195	1e-05
87	196	1e-05
87	197	1e-05
87	198	1e-05
87	199	1e-05

88	190	1e-05
88	191	1e-05
88	192	1e-05
88	193	1e-05
88	194	1e-05
88	195	1e-05
88	196	1e-05
88	197	1e-05
88	198	1e-05
88	199	1e-05

89	190	1e-05
89	191	1e-05
89	192	1e-05
89	193	1e-05
89	194	1e-05
89	195	1e-05
89	196	1e-05
89	197	1e-05
89	198	1e-05
89	199	1e-05

90	190	1e-05
90	191	1e-05
90	192	1e-05
90	193	1e-05
90	194	1e-05
90	195	1e-05
90	196	1e-05
90	197	1e-05
90	198	1e-05
90	199	1e-05

91	190	1e-05
91	191	1e-05
91	192	1e-05
91	193	1e-05
91	194	1e-05
91	195	1e-05
91	196	1e-05
91	197	1e-05
91	198	1e-05
91	199	1e-05

92	190	1e-05
92	191	1e-05
92	192	1e-05
92	193	1e-05
92	194	1e-05
92	195	1e-05
92	196	1e-05
92	197	1e-05
92	198	1e-05
92	199	1e-05

93	190	1e-05
93	191	1e-05
93	192	1e-05
93	193	1e-05
93	194	1e-05
93	195	1e-05
93	196	1e-05
93	197	1e-05
93	198	1e-05
93	199	1e-05

94	190	1e-05
94	191	1e-05
94	192	1e-05
94	193	1e-05
94	194	1e-05
94	195	1e-05
94	196	1e-05
94	197	1e-05
94	198	1e-05
94	199	1e-05

95	190	1e-05
95	191	1e-05
95	192	1e-05
95	193	1e-05
95	194	1e-05
95	195	1e-05
95	196	1e-05
95	197	1e-05
95	198	1e-05
95	199	1e-05

96	190	1e-05
96	191	1e-05
96	192	1e-05
96	193	1e-05
96	194	1e-05
96	195	1e-05
96	196	1e-05
96	197	1e-05
96	198	1e-05
96	199	1e-05

97	190	1e-05
97	191	1e-05
97	192	1e-05
97	193	1e-05
97	194	1e-05
97	195	1e-05
97	196	1e-05
97	197	1e-05
97	198	1e-05
97	199	1e-05

98	190	1e-05
98	191	1e-05
98	192	1e-05
98	193	1e-05
98	194	1e-05
98	195	1e-05
98	196	1e-05
98	197	1e-05
98	198	1e-05
98	199	1e-05

99	190	1e-05
99	191	1e-05
99	192	1e-05
99	193	1e-05
99	194	1e-05
99	195	1e-05
99	196	1e-05
99	197	1e-05
99	198	1e-05
99	199	1e-05

100	190	1e-05
100	191	1e-05
100	192	1e-05
100	193	1e-05
100	194	282
100	195	1544
100	196	3104
100	197	3147
100	198	1583
100	199	340

101	190	1e-05
101	191	1e-05
101	192	1e-05
101	193	1e-05
101	194	1e-05
101	195	1e-05
101	196	1e-05
101	197	1e-05
101	198	1e-05
101	199	1e-05

102	190	1e-05
102	191	1e-05
102	192	1e-05
102	193	1e-05
102	194	1e-05
102	195	1e-05
102	196	1e-05
102	197	1e-05
102	198	1e-05
102	199	1e-05

103	190	1e-05
103	191	1e-05
103	192	1e-05
103	193	1e-05
103	194	1e-05
103	195	1e-05
103	196	1e-05
103	197	1e-05
103	198	1e-05
103	199	1e-05

104	190	1e-05
104	191	1e-05
104	192	1e-05
104	193	1e-05
104	194	1e-05
104	195	1e-05
104	196	1e-05
104	197	1e-05
104	198	1e-05
104	199	1e-05

105	190	1e-05
105	191	1e-05
105	192	1e-05
105	193	1e-05
105	194	1e-05
105	195	1e-05
105	196	1e-05
105	197	1e-05
105	198	1e-05
105	199	1e-05

106	190	1e-05
106	191	1e-05
106	192	1e-05
106	193	1e-05
106	194	1e-05
106	195	1e-05
106	196	1e-05
106	197	1e-05
106	198	1e-05
106	199	1e-05

107	190	1e-05
107	191	1e-05
107	192	1e-05
107	193	1e-05
107	194	1e-05
107	195	1e-05
107	196	1e-05
107	197	1e-05
107	198	1e-05
107	199	1e-05

108	190	1e-05
108	191	1e-05
108	192	1e-05
108	193	1e-05
108	194	1e-05
108	195	1e-05
108	196	1e-05
108	197	1e-05
108	198	1e-05
108	199	1e-05

109	190	1e-05
109	191	1e-05
109	192	1e-05
109	193	1e-05
109	194	1e-05
109	195	1e-05
109	196	1e-05
109	197	1e-05
109	198	1e-05
109	199	1e-05

110	190	1e-05
110	191	1e-05
110	192	1e-05
110	193	1e-05
110	194	1e-05
110	195	1e-05
110	196	1e-05
110	197	1e-05
110	198	1e-05
110	199	1e-05

111	190	1e-05
111	191	1e-05
111	192	1e-05
111	193	1e-05
111	194	1e-05
111	195	1e-05
111	196	1e-05
111	197	1e-05
111	198	1e-05
111	199	1e-05

112	190	1e-05
112	191	1e-05
112	192	1e-05
112	193	1e-05
112	194	1e-05
112	195	1e-05
112	196	1e-05
112	197	1e-05
112	198	1e-05
112	199	1e-05

113	190	1e-05
113	191	1e-05
113	192	1e-05
113	193	1e-05
113	194	1e-05
113	195	1e-05
113	196	1e-05
113	197	1e-05
113	198	1e-05
113	199	1e-05

114	190	1e-05
114	191	1e-05
114	192	1e-05
114	193	1e-05
114	194	1e-05
114	195	1e-05
114	196	1e-05
114	197	1e-05
114	198	1e-05
114	199	1e-05

115	190	1e-05
115	191	1e-05
115	192	1e-05
115	193	1e-05
115	194	1e-05
115	195	1e-05
115	196	1e-05
115	197	1e-05
115	198	1e-05
115	199	1e-05

116	190	1e-05
116	191	1e-05
116	192	1e-05
116	193	1e-05
116	194	1e-05
116	195	1e-05
116	196	1e-05
116	197	1e-05
116	198	1e-05
116	199	1e-05

117	190	1e-05
117	191	1e-05
117	192	1e-05
117	193	1e-05
117	194	1e-05
117	195	1e-05
117	196	1e-05
117	197	1e-05
117	198	1e-05
117	199	1e-05

118	190	1e-05
118	191	1e-05
118	192	1e-05
118	193	1e-05
118	194	1e-05
118	195	1e-05
118	196	1e-05
118	197	1e-05
118	198	1e-05
118	199	1e-05

119	190	1e-05
119	191	1e-05
119	192	1e-05
119	193	1e-05
119	194	1e-05
119	195	1e-05
119	196	1e-05
119	197	1e-05
119	198	1e-05
119	199	1e-05

120	190	1e-05
120	191	1e-05
120	192	1e-05
120	193	154
120	194	895
120	195	2266
120	196	3190
120	197	2357
120	198	969
120	199	169

121	190	1e-05
121	191	1e-05
121	192	1e-05
121	193	1e-05
121	194	1e-05
121	195	1e-05
121	196	1e-05
121	197	1e-05
121	198	1e-05
121	199	1e-05

122	190	1e-05
122	191	1e-05
122	192	1e-05
122	193	1e-05
122	194	1e-05
122	195	1e-05
122	196	1e-05
122	197	1e-05
122	198	1e-05
122	199	1e-05

123	190	1e-05
123	191	1e-05
123	192	1e-05
123	193	1e-05
123	194	1e-05
123	195	1e-05
123	196	1e-05
123	197	1e-05
123	198	1e-05
123	199	1e-05

124	190	1e-05
124	191	1e-05
124	192	1e-05
124	193	1e-05
124	194	1e-05
124	195	1e-05
124	196	1e-05
124	197	1e-05
124	198	1e-05
124	199	1e-05

125	190	1e-05
125	191	1e-05
125	192	1e-05
125	193	1e-05
125	194	1e-05
125	195	1e-05
125	196	1e-05
125	197	1e-05
125	198	1e-05
125	199	1e-05

126	190	1e-05
126	191	1e-05
126	192	1e-05
126	193	1e-05
126	194	1e-05
126	195	1e-05
126	196	1e-05
126	197	1e-05
126	198	1e-05
126	199	1e-05

127	190	1e-05
127	191	1e-05
127	192	1e-05
127	193	1e-05
127	194	1e-05
127	195	1e-05
127	196	1e-05
127	197	1e-05
127	198	1e-05
127	199	1e-05

128	190	1e-05
128	191	1e-05
128	192	1e-05
128	193	1e-05
128	194	1e-05
128	195	1e-05
128	196	1e-05
128	197	1e-05
128	198	1e-05
128	199	1e-05

129	190	1e-05
129	191	1e-05
129	192	1e-05
129	193	1e-05
129	194	1e-05
129	195	1e-05
129	196	1e-05
129	197	1e-05
129	198	1e-05
129	199	1e-05

130	190	1e-05
130	191	1e-05
130	192	1e-05
130	193	1e-05
130	194	1e-05
130	195	1e-05
130	196	1e-05
130	197	1e-05
130	198	1e-05
130	199	1e-05

131	190	1e-05
131	191	1e-05
131	192	1e-05
131	193	1e-05
131	194	1e-05
131	195	1e-05
131	196	1e-05
131	197	1e-05
131	198	1e-05
131	199	1e-05

132	190	1e-05
132	191	1e-05
132	192	1e-05
132	193	1e-05
132	194	1e-05
132	195	1e-05
132	196	1e-05
132	197	1e-05
132	198	1e-05
132	199	1e-05

133	190	1e-05
133	191	1e-05
133	192	1e-05
133	193	1e-05
133	194	1e-05
133	195	1e-05
133	196	1e-05
133	197	1e-05
133	198	1e-05
133	199	1e-05

134	190	1e-05
134	191	1e-05
134	192	1e-05
134	193	1e-05
134	194	1e-05
134	195	1e-05
134	196	1e-05
134	197	1e-05
134	198	1e-05
134	199	1e-05

135	190	1e-05
135	191	1e-05
135	192	1e-05
135	193	1e-05
135	194	1e-05
135	195	1e-05
135	196	1e-05
135	197	1e-05
135	198	1e-05
135	199	1e-05

136	190	1e-05
136	191	1e-05
136	192	1e-05
136	193	1e-05
136	194	1e-05
136	195	1e-05
136	196	1e-05
136	197	1e-05
136	198	1e-05
136	199	1e-05

137	190	1e-05
137	191	1e-05
137	192	1e-05
137	193	1e-05
137	194	1e-05
137	195	1e-05
137	196	1e-05
137	197	1e-05
137	198	1e-05
137	199	1e-05

138	190	1e-05
138	191	1e-05
138	192	1e-05
138	193	1e-05
138	194	1e-05
138	195	1e-05
138	196	1e-05
138	197	1e-05
138	198	1e-05
138	199	1e-05

139	190	1e-05
139	191	1e-05
139	192	1e-05
139	193	1e-05
139	194	1e-05
139	195	1e-05
139	196	1e-05
139	197	1e-05
139	198	1e-05
139	199	1e-05

140	190	1e-05
140	191	1e-05
140	192	53
140	193	537
140	194	1586
140	195	2764
140	196	2749
140	197	1670
140	198	552
140	199	89

141	190	1e-05
141	191	1e-05
141	192	1e-05
141	193	1e-05
141	194	1e-05
141	195	1e-05
141	196	1e-05
141	197	1e-05
141	198	1e-05
141	199	1e-05

142	190	1e-05
142	191	1e-05
142	192	1e-05
142	193	1e-05
142	194	1e-05
142	195	1e-05
142	196	1e-05
142	197	1e-05
142	198	1e-05
142	199	1e-05

143	190	1e-05
143	191	1e-05
143	192	1e-05
143	193	1e-05
143	194	1e-05
143	195	1e-05
143	196	1e-05
143	197	1e-05
143	198	1e-05
143	199	1e-05

144	190	1e-05
144	191	1e-05
144	192	1e-05
144	193	1e-05
144	194	1e-05
144	195	1e-05
144	196	1e-05
144	197	1e-05
144	198	1e-05
144	199	1e-05

145	190	1e-05
145	191	1e-05
145	192	1e-05
145	193	1e-05
145	194	1e-05
145	195	1e-05
145	196	1e-05
145	197	1e-05
145	198	1e-05
145	199	1e-05

146	190	1e-05
146	191	1e-05
146	192	1e-05
146	193	1e-05
146	194	1e-05
146	195	1e-05
146	196	1e-05
146	197	1e-05
146	198	1e-05
146	199	1e-05

147	190	1e-05
147	191	1e-05
147	192	1e-05
147	193	1e-05
147	194	1e-05
147	195	1e-05
147	196	1e-05
147	197	1e-05
147	198	1e-05
147	199	1e-05

148	190	1e-05
148	191	1e-05
148	192	1e-05
148	193	1e-05
148	194	1e-05
148	195	1e-05
148	196	1e-05
148	197	1e-05
148	198	1e-05
148	199	1e-05

149	190	1e-05
149	191	1e-05
149	192	1e-05
149	193	1e-05
149	194	1e-05
149	195	1e-05
149	196	1e-05
149	197	1e-05
149	198	1e-05
149	199	1e-05

150	190	1e-05
150	191	1e-05
150	192	1e-05
150	193	1e-05
150	194	1e-05
150	195	1e-05
150	196	1e-05
150	197	1e-05
150	198	1e-05
150	199	1e-05

151	190	1e-05
151	191	1e-05
151	192	1e-05
151	193	1e-05
151	194	1e-05
151	195	1e-05
151	196	1e-05
151	197	1e-05
151	198	1e-05
151	199	1e-05

152	190	1e-05
152	191	1e-05
152	192	1e-05
152	193	1e-05
152	194	1e-05
152	195	1e-05
152	196	1e-05
152	197	1e-05
152	198	1e-05
152	199	1e-05

153	190	1e-05
153	191	1e-05
153	192	1e-05
153	193	1e-05
153	194	1e-05
153	195	1e-05
153	196	1e-05
153	197	1e-05
153	198	1e-05
153	199	1e-05

154	190	1e-05
154	191	1e-05
154	192	1e-05
154	193	1e-05
154	194	1e-05
154	195	1e-05
154	196	1e-05
154	197	1e-05
154	198	1e-05
154	199	1e-05

155	190	1e-05
155	191	1e-05
155	192	1e-05
155	193	1e-05
155	194	1e-05
155	195	1e-05
155	196	1e-05
155	197	1e-05
155	198	1e-05
155	199	1e-05

156	190	1e-05
156	191	1e-05
156	192	1e-05
156	193	1e-05
156	194	1e-05
156	195	1e-05
156	196	1e-05
156	197	1e-05
156	198	1e-05
156	199	1e-05

157	190	1e-05
157	191	1e-05
157	192	1e-05
157	193	1e-05
157	194	1e-05
157	195	1e-05
157	196	1e-05
157	197	1e-05
157	198	1e-05
157	199	1e-05

158	190	1e-05
158	191	1e-05
158	192	1e-05
158	193	1e-05
158	194	1e-05
158	195	1e-05
158	196	1e-05
158	197	1e-05
158	198	1e-05
158	199	1e-05

159	190	1e-05
159	191	1e-05
159	192	1e-05
159	193	1e-05
159	194	1e-05
159	195	1e-05
159	196	1e-05
159	197	1e-05
159	198	1e-05
159	199	1e-05

160	190	1e-05
160	191	22
160	192	275
160	193	1086
160	194	2205
160	195	2768
160	196	2176
160	197	1108
160	198	330
160	199	30

161	190	1e-05
161	191	1e-05
161	192	1e-05
161	193	1e-05
161	194	1e-05
161	195	1e-05
161	196	1e-05
161	197	1e-05
161	198	1e-05
161	199	1e-05

162	190	1e-05
162	191	1e-05
162	192	1e-05
162	193	1e-05
162	194	1e-05
162	195	1e-05
162	196	1e-05
162	197	1e-05
162	198	1e-05
162	199	1e-05

163	190	1e-05
163	191	1e-05
163	192	1e-05
163	193	1e-05
163	194	1e-05
163	195	1e-05
163	196	1e-05
163	197	1e-05
163	198	1e-05
163	199	1e-05

164	190	1e-05
164	191	1e-05
164	192	1e-05
164	193	1e-05
164	194	1e-05
164	195	1e-05
164	196	1e-05
164	197	1e-05
164	198	1e-05
164	199	1e-05

165	190	1e-05
165	191	1e-05
165	192	1e-05
165	193	1e-05
165	194	1e-05
165	195	1e-05
165	196	1e-05
165	197	1e-05
165	198	1e-05
165	199	1e-05

166	190	1e-05
166	191	1e-05
166	192	1e-05
166	193	1e-05
166	194	1e-05
166	195	1e-05
166	196	1e-05
166	197	1e-05
166	198	1e-05
166	199	1e-05

167	190	1e-05
167	191	1e-05
167	192	1e-05
167	193	1e-05
167	194	1e-05
167	195	1e-05
167	196	1e-05
167	197	1e-05
167	198	1e-05
167	199	1e-05

168	190	1e-05
168	191	1e-05
168	192	1e-05
168	193	1e-05
168	194	1e-05
168	195	1e-05
168	196	1e-05
168	197	1e-05
168	198	1e-05
168	199	1e-05

169	190	1e-05
169	191	1e-05
169	192	1e-05
169	193	1e-05
169	194	1e-05
169	195	1e-05
169	196	1e-05
169	197	1e-05
169	198	1e-05
169	199	1e-05

170	190	1e-05
170	191	1e-05
170	192	1e-05
170	193	1e-05
170	194	1e-05
170	195	1e-05
170	196	1e-05
170	197	1e-05
170	198	1e-05
170	199	1e-05

171	190	1e-05
171	191	1e-05
171	192	1e-05
171	193	1e-05
171	194	1e-05
171	195	1e-05
171	196	1e-05
171	197	1e-05
171	198	1e-05
171	199	1e-05

172	190	1e-05
172	191	1e-05
172	192	1e-05
172	193	1e-05
172	194	1e-05
172	195	1e-05
172	196	1e-05
172	197	1e-05
172	198	1e-05
172	199	1e-05

173	190	1e-05
173	191	1e-05
173	192	1e-05
173	193	1e-05
173	194	1e-05
173	195	1e-05
173	196	1e-05
173	197	1e-05
173	198	1e-05
173	199	1e-05

174	190	1e-05
174	191	1e-05
174	192	1e-05
174	193	1e-05
174	194	1e-05
174	195	1e-05
174	196	1e-05
174	197	1e-05
174	198	1e-05
174	199	1e-05

175	190	1e-05
175	191	1e-05
175	192	1e-05
175	193	1e-05
175	194	1e-05
175	195	1e-05
175	196	1e-05
175	197	1e-05
175	198	1e-05
175	199	1e-05

176	190	1e-05
176	191	1e-05
176	192	1e-05
176	193	1e-05
176	194	1e-05
176	195	1e-05
176	196	1e-05
176	197	1e-05
176	198	1e-05
176	199	1e-05

177	190	1e-05
177	191	1e-05
177	192	1e-05
177	193	1e-05
177	194	1e-05
177	195	1e-05
177	196	1e-05
177	197	1e-05
177	198	1e-05
177	199	1e-05

178	190	1e-05
178	191	1e-05
178	192	1e-05
178	193	1e-05
178	194	1e-05
178	195	1e-05
178	196	1e-05
178	197	1e-05
178	198	1e-05
178	199	1e-05

179	190	1e-05
179	191	1e-05
179	192	1e-05
179	193	1e-05
179	194	1e-05
179	195	1e-05
179	196	1e-05
179	197	1e-05
179	198	1e-05
179	199	1e-05

180	190	12
180	191	153
180	192	677
180	193	1594
180	194	2515
180	195	2492
180	196	1640
180	197	725
180	198	184
180	199	8

181	190	1e-05
181	191	1e-05
181	192	1e-05
181	193	1e-05
181	194	1e-05
181	195	1e-05
181	196	1e-05
181	197	1e-05
181	198	1e-05
181	199	1e-05

182	190	1e-05
182	191	1e-05
182	192	1e-05
182	193	1e-05
182	194	1e-05
182	195	1e-05
182	196	1e-05
182	197	1e-05
182	198	1e-05
182	199	1e-05

183	190	1e-05
183	191	1e-05
183	192	1e-05
183	193	1e-05
183	194	1e-05
183	195	1e-05
183	196	1e-05
183	197	1e-05
183	198	1e-05
183	199	1e-05

184	190	1e-05
184	191	1e-05
184	192	1e-05
184	193	1e-05
184	194	1e-05
184	195	1e-05
184	196	1e-05
184	197	1e-05
184	198	1e-05
184	199	1e-05

185	190	1e-05
185	191	1e-05
185	192	1e-05
185	193	1e-05
185	194	1e-05
185	195	1e-05
185	196	1e-05
185	197	1e-05
185	198	1e-05
185	199	1e-05

186	190	1e-05
186	191	1e-05
186	192	1e-05
186	193	1e-05
186	194	1e-05
186	195	1e-05
186	196	1e-05
186	197	1e-05
186	198	1e-05
186	199	1e-05

187	190	1e-05
187	191	1e-05
187	192	1e-05
187	193	1e-05
187	194	1e-05
187	195	1e-05
187	196	1e-05
187	197	1e-05
187	198	1e-05
187	199	1e-05

188	190	1e-05
188	191	1e-05
188	192	1e-05
188	193	1e-05
188	194	1e-05
188	195	1e-05
188	196	1e-05
188	197	1e-05
188	198	1e-05
188	199	1e-05

189	190	1e-05
189	191	1e-05
189	192	1e-05
189	193	1e-05
189	194	1e-05
189	195	1e-05
189	196	1e-05
189	197	1e-05
189	198	1e-05
189	199	1e-05

190	190	1e-05
190	191	1e-05
190	192	1e-05
190	193	1e-05
190	194	1e-05
190	195	1e-05
190	196	1e-05
190	197	1e-05
190	198	1e-05
190	199	1e-05

191	190	1e-05
191	191	1e-05
191	192	1e-05
191	193	1e-05
191	194	1e-05
191	195	1e-05
191	196	1e-05
191	197	1e-05
191	198	1e-05
191	199	1e-05

192	190	1e-05
192	191	1e-05
192	192	1e-05
192	193	1e-05
192	194	1e-05
192	195	1e-05
192	196	1e-05
192	197	1e-05
192	198	1e-05
192	199	1e-05

193	190	1e-05
193	191	1e-05
193	192	1e-05
193	193	1e-05
193	194	1e-05
193	195	1e-05
193	196	1e-05
193	197	1e-05
193	198	1e-05
193	199	1e-05

194	190	1e-05
194	191	1e-05
194	192	1e-05
194	193	1e-05
194	194	1e-05
194	195	1e-05
194	196	1e-05
194	197	1e-05
194	198	1e-05
194	199	1e-05

195	190	1e-05
195	191	1e-05
195	192	1e-05
195	193	1e-05
195	194	1e-05
195	195	1e-05
195	196	1e-05
195	197	1e-05
195	198	1e-05
195	199	1e-05

196	190	1e-05
196	191	1e-05
196	192	1e-05
196	193	1e-05
196	194	1e-05
196	195	1e-05
196	196	1e-05
196	197	1e-05
196	198	1e-05
196	199	1e-05

197	190	1e-05
197	191	1e-05
197	192	1e-05
197	193	1e-05
197	194	1e-05
197	195	1e-05
197	196	1e-05
197	197	1e-05
197	198	1e-05
197	199	1e-05

198	190	1e-05
198	191	1e-05
198	192	1e-05
198	193	1e-05
198	194	1e-05
198	195	1e-05
198	196	1e-05
198	197	1e-05
198	198	1e-05
198	199	1e-05

199	190	1e-05
199	191	1e-05
199	192	1e-05
199	193	1e-05
199	194	1e-05
199	195	1e-05
199	196	1e-05
199	197	1e-05
199	198	1e-05
199	199	1e-05

200	190	84
200	191	414
200	192	1134
200	193	2085
200	194	2471
200	195	2064
200	196	1182
200	197	462
200	198	102
200	199	1e-05

201	190	1e-05
201	191	1e-05
201	192	1e-05
201	193	1e-05
201	194	1e-05
201	195	1e-05
201	196	1e-05
201	197	1e-05
201	198	1e-05
201	199	1e-05

202	190	1e-05
202	191	1e-05
202	192	1e-05
202	193	1e-05
202	194	1e-05
202	195	1e-05
202	196	1e-05
202	197	1e-05
202	198	1e-05
202	199	1e-05

203	190	1e-05
203	191	1e-05
203	192	1e-05
203	193	1e-05
203	194	1e-05
203	195	1e-05
203	196	1e-05
203	197	1e-05
203	198	1e-05
203	199	1e-05

204	190	1e-05
204	191	1e-05
204	192	1e-05
204	193	1e-05
204	194	1e-05
204	195	1e-05
204	196	1e-05
204	197	1e-05
204	198	1e-05
204	199	1e-05

205	190	1e-05
205	191	1e-05
205	192	1e-05
205	193	1e-05
205	194	1e-05
205	195	1e-05
205	196	1e-05
205	197	1e-05
205	198	1e-05
205	199	1e-05

206	190	1e-05
206	191	1e-05
206	192	1e-05
206	193	1e-05
206	194	1e-05
206	195	1e-05
206	196	1e-05
206	197	1e-05
206	198	1e-05
206	199	1e-05

207	190	1e-05
207	191	1e-05
207	192	1e-05
207	193	1e-05
207	194	1e-05
207	195	1e-05
207	196	1e-05
207	197	1e-05
207	198	1e-05
207	199	1e-05

208	190	1e-05
208	191	1e-05
208	192	1e-05
208	193	1e-05
208	194	1e-05
208	195	1e-05
208	196	1e-05
208	197	1e-05
208	198	1e-05
208	199	1e-05

209	190	1e-05
209	191	1e-05
209	192	1e-05
209	193	1e-05
209	194	1e-05
209	195	1e-05
209	196	1e-05
209	197	1e-05
209	198	1e-05
209	199	1e-05

210	190	1e-05
210	191	1e-05
210	192	1e-05
210	193	1e-05
210	194	1e-05
210	195	1e-05
210	196	1e-05
210	197	1e-05
210	198	1e-05
210	199	1e-05

211	190	1e-05
211	191	1e-05
211	192	1e-05
211	193	1e-05
211	194	1e-05
211	195	1e-05
211	196	1e-05
211	197	1e-05
211	198	1e-05
211	199	1e-05

212	190	1e-05
212	191	1e-05
212	192	1e-05
212	193	1e-05
212	194	1e-05
212	195	1e-05
212	196	1e-05
212	197	1e-05
212	198	1e-05
212	199	1e-05

213	190	1e-05
213	191	1e-05
213	192	1e-05
213	193	1e-05
213	194	1e-05
213	195	1e-05
213	196	1e-05
213	197	1e-05
213	198	1e-05
213	199	1e-05

214	190	1e-05
214	191	1e-05
214	192	1e-05
214	193	1e-05
214	194	1e-05
214	195	1e-05
214	196	1e-05
214	197	1e-05
214	198	1e-05
214	199	1e-05

215	190	1e-05
215	191	1e-05
215	192	1e-05
215	193	1e-05
215	194	1e-05
215	195	1e-05
215	196	1e-05
215	197	1e-05
215	198	1e-05
215	199	1e-05

216	190	1e-05
216	191	1e-05
216	192	1e-05
216	193	1e-05
216	194	1e-05
216	195	1e-05
216	196	1e-05
216	197	1e-05
216	198	1e-05
216	199	1e-05

217	190	1e-05
217	191	1e-05
217	192	1e-05
217	193	1e-05
217	194	1e-05
217	195	1e-05
217	196	1e-05
217	197	1e-05
217	198	1e-05
217	199	1e-05

218	190	1e-05
218	191	1e-05
218	192	1e-05
218	193	1e-05
218	194	1e-05
218	195	1e-05
218	196	1e-05
218	197	1e-05
218	198	1e-05
218	199	1e-05

219	190	1e-05
219	191	1e-05
219	192	1e-05
219	193	1e-05
219	194	1e-05
219	195	1e-05
219	196	1e-05
219	197	1e-05
219	198	1e-05
219	199	1e-05

220	190	247
220	191	784
220	192	1645
220	193	2236
220	194	2244
220	195	1667
220	196	818
220	197	319
220	198	1e-05
220	199	1e-05

221	190	1e-05
221	191	1e-05
221	192	1e-05
221	193	1e-05
221	194	1e-05
221	195	1e-05
221	196	1e-05
221	197	1e-05
221	198	1e-05
221	199	1e-05

222	190	1e-05
222	191	1e-05
222	192	1e-05
222	193	1e-05
222	194	1e-05
222	195	1e-05
222	196	1e-05
222	197	1e-05
222	198	1e-05
222	199	1e-05

223	190	1e-05
223	191	1e-05
223	192	1e-05
223	193	1e-05
223	194	1e-05
223	195	1e-05
223	196	1e-05
223	197	1e-05
223	198	1e-05
223	199	1e-05

224	190	1e-05
224	191	1e-05
224	192	1e-05
224	193	1e-05
224	194	1e-05
224	195	1e-05
224	196	1e-05
224	197	1e-05
224	198	1e-05
224	199	1e-05

225	190	1e-05
225	191	1e-05
225	192	1e-05
225	193	1e-05
225	194	1e-05
225	195	1e-05
225	196	1e-05
225	197	1e-05
225	198	1e-05
225	199	1e-05

226	190	1e-05
226	191	1e-05
226	192	1e-05
226	193	1e-05
226	194	1e-05
226	195	1e-05
226	196	1e-05
226	197	1e-05
226	198	1e-05
226	199	1e-05

227	190	1e-05
227	191	1e-05
227	192	1e-05
227	193	1e-05
227	194	1e-05
227	195	1e-05
227	196	1e-05
227	197	1e-05
227	198	1e-05
227	199	1e-05

228	190	1e-05
228	191	1e-05
228	192	1e-05
228	193	1e-05
228	194	1e-05
228	195	1e-05
228	196	1e-05
228	197	1e-05
228	198	1e-05
228	199	1e-05

229	190	1e-05
229	191	1e-05
229	192	1e-05
229	193	1e-05
229	194	1e-05
229	195	1e-05
229	196	1e-05
229	197	1e-05
229	198	1e-05
229	199	1e-05

230	190	1e-05
230	191	1e-05
230	192	1e-05
230	193	1e-05
230	194	1e-05
230	195	1e-05
230	196	1e-05
230	197	1e-05
230	198	1e-05
230	199	1e-05

231	190	1e-05
231	191	1e-05
231	192	1e-05
231	193	1e-05
231	194	1e-05
231	195	1e-05
231	196	1e-05
231	197	1e-05
231	198	1e-05
231	199	1e-05

232	190	1e-05
232	191	1e-05
232	192	1e-05
232	193	1e-05
232	194	1e-05
232	195	1e-05
232	196	1e-05
232	197	1e-05
232	198	1e-05
232	199	1e-05

233	190	1e-05
233	191	1e-05
233	192	1e-05
233	193	1e-05
233	194	1e-05
233	195	1e-05
233	196	1e-05
233	197	1e-05
233	198	1e-05
233	199	1e-05

234	190	1e-05
234	191	1e-05
234	192	1e-05
234	193	1e-05
234	194	1e-05
234	195	1e-05
234	196	1e-05
234	197	1e-05
234	198	1e-05
234	199	1e-05

235	190	1e-05
235	191	1e-05
235	192	1e-05
235	193	1e-05
235	194	1e-05
235	195	1e-05
235	196	1e-05
235	197	1e-05
235	198	1e-05
235	199	1e-05

236	190	1e-05
236	191	1e-05
236	192	1e-05
236	193	1e-05
236	194	1e-05
236	195	1e-05
236	196	1e-05
236	197	1e-05
236	198	1e-05
236	199	1e-05

237	190	1e-05
237	191	1e-05
237	192	1e-05
237	193	1e-05
237	194	1e-05
237	195	1e-05
237	196	1e-05
237	197	1e-05
237	198	1e-05
237	199	1e-05

238	190	1e-05
238	191	1e-05
238	192	1e-05
238	193	1e-05
238	194	1e-05
238	195	1e-05
238	196	1e-05
238	197	1e-05
238	198	1e-05
238	199	1e-05

239	190	1e-05
239	191	1e-05
239	192	1e-05
239	193	1e-05
239	194	1e-05
239	195	1e-05
239	196	1e-05
239	197	1e-05
239	198	1e-05
239	199	1e-05

240	190	520
240	191	1171
240	192	1944
240	193	2252
240	194	1979
240	195	1234
240	196	697
240	197	24
240	198	1e-05
240	199	1e-05

241	190	1e-05
241	191	1e-05
241	192	1e-05
241	193	1e-05
241	194	1e-05
241	195	1e-05
241	196	1e-05
241	197	1e-05
241	198	1e-05
241	199	1e-05

242	190	1e-05
242	191	1e-05
242	192	1e-05
242	193	1e-05
242	194	1e-05
242	195	1e-05
242	196	1e-05
242	197	1e-05
242	198	1e-05
242	199	1e-05

243	190	1e-05
243	191	1e-05
243	192	1e-05
243	193	1e-05
243	194	1e-05
243	195	1e-05
243	196	1e-05
243	197	1e-05
243	198	1e-05
243	199	1e-05

244	190	1e-05
244	191	1e-05
244	192	1e-05
244	193	1e-05
244	194	1e-05
244	195	1e-05
244	196	1e-05
244	197	1e-05
244	198	1e-05
244	199	1e-05

245	190	1e-05
245	191	1e-05
245	192	1e-05
245	193	1e-05
245	194	1e-05
245	195	1e-05
245	196	1e-05
245	197	1e-05
245	198	1e-05
245	199	1e-05

246	190	1e-05
246	191	1e-05
246	192	1e-05
246	193	1e-05
246	194	1e-05
246	195	1e-05
246	196	1e-05
246	197	1e-05
246	198	1e-05
246	199	1e-05

247	190	1e-05
247	191	1e-05
247	192	1e-05
247	193	1e-05
247	194	1e-05
247	195	1e-05
247	196	1e-05
247	197	1e-05
247	198	1e-05
247	199	1e-05

248	190	1e-05
248	191	1e-05
248	192	1e-05
248	193	1e-05
248	194	1e-05
248	195	1e-05
248	196	1e-05
248	197	1e-05
248	198	1e-05
248	199	1e-05

249	190	1e-05
249	191	1e-05
249	192	1e-05
249	193	1e-05
249	194	1e-05
249	195	1e-05
249	196	1e-05
249	197	1e-05
249	198	1e-05
249	199	1e-05

250	190	1e-05
250	191	1e-05
250	192	1e-05
250	193	1e-05
250	194	1e-05
250	195	1e-05
250	196	1e-05
250	197	1e-05
250	198	1e-05
250	199	1e-05

251	190	1e-05
251	191	1e-05
251	192	1e-05
251	193	1e-05
251	194	1e-05
251	195	1e-05
251	196	1e-05
251	197	1e-05
251	198	1e-05
251	199	1e-05

252	190	1e-05
252	191	1e-05
252	192	1e-05
252	193	1e-05
252	194	1e-05
252	195	1e-05
252	196	1e-05
252	197	1e-05
252	198	1e-05
252	199	1e-05

253	190	1e-05
253	191	1e-05
253	192	1e-05
253	193	1e-05
253	194	1e-05
253	195	1e-05
253	196	1e-05
253	197	1e-05
253	198	1e-05
253	199	1e-05

254	190	1e-05
254	191	1e-05
254	192	1e-05
254	193	1e-05
254	194	1e-05
254	195	1e-05
254	196	1e-05
254	197	1e-05
254	198	1e-05
254	199	1e-05

255	190	1e-05
255	191	1e-05
255	192	1e-05
255	193	1e-05
255	194	1e-05
255	195	1e-05
255	196	1e-05
255	197	1e-05
255	198	1e-05
255	199	1e-05

256	190	1e-05
256	191	1e-05
256	192	1e-05
256	193	1e-05
256	194	1e-05
256	195	1e-05
256	196	1e-05
256	197	1e-05
256	198	1e-05
256	199	1e-05

257	190	1e-05
257	191	1e-05
257	192	1e-05
257	193	1e-05
257	194	1e-05
257	195	1e-05
257	196	1e-05
257	197	1e-05
257	198	1e-05
257	199	1e-05

258	190	1e-05
258	191	1e-05
258	192	1e-05
258	193	1e-05
258	194	1e-05
258	195	1e-05
258	196	1e-05
258	197	1e-05
258	198	1e-05
258	199	1e-05

259	190	1e-05
259	191	1e-05
259	192	1e-05
259	193	1e-05
259	194	1e-05
259	195	1e-05
259	196	1e-05
259	197	1e-05
259	198	1e-05
259	199	1e-05

260	190	806
260	191	1566
260	192	2190
260	193	2033
260	194	1599
260	195	1251
260	196	104
260	197	5
260	198	1e-05
260	199	1e-05

261	190	1e-05
261	191	1e-05
261	192	1e-05
261	193	1e-05
261	194	1e-05
261	195	1e-05
261	196	1e-05
261	197	1e-05
261	198	1e-05
261	199	1e-05

262	190	1e-05
262	191	1e-05
262	192	1e-05
262	193	1e-05
262	194	1e-05
262	195	1e-05
262	196	1e-05
262	197	1e-05
262	198	1e-05
262	199	1e-05

263	190	1e-05
263	191	1e-05
263	192	1e-05
263	193	1e-05
263	194	1e-05
263	195	1e-05
263	196	1e-05
263	197	1e-05
263	198	1e-05
263	199	1e-05

264	190	1e-05
264	191	1e-05
264	192	1e-05
264	193	1e-05
264	194	1e-05
264	195	1e-05
264	196	1e-05
264	197	1e-05
264	198	1e-05
264	199	1e-05

265	190	1e-05
265	191	1e-05
265	192	1e-05
265	193	1e-05
265	194	1e-05
265	195	1e-05
265	196	1e-05
265	197	1e-05
265	198	1e-05
265	199	1e-05

266	190	1e-05
266	191	1e-05
266	192	1e-05
266	193	1e-05
266	194	1e-05
266	195	1e-05
266	196	1e-05
266	197	1e-05
266	198	1e-05
266	199	1e-05

267	190	1e-05
267	191	1e-05
267	192	1e-05
267	193	1e-05
267	194	1e-05
267	195	1e-05
267	196	1e-05
267	197	1e-05
267	198	1e-05
267	199	1e-05

268	190	1e-05
268	191	1e-05
268	192	1e-05
268	193	1e-05
268	194	1e-05
268	195	1e-05
268	196	1e-05
268	197	1e-05
268	198	1e-05
268	199	1e-05

269	190	1e-05
269	191	1e-05
269	192	1e-05
269	193	1e-05
269	194	1e-05
269	195	1e-05
269	196	1e-05
269	197	1e-05
269	198	1e-05
269	199	1e-05

270	190	1e-05
270	191	1e-05
270	192	1e-05
270	193	1e-05
270	194	1e-05
270	195	1e-05
270	196	1e-05
270	197	1e-05
270	198	1e-05
270	199	1e-05

271	190	1e-05
271	191	1e-05
271	192	1e-05
271	193	1e-05
271	194	1e-05
271	195	1e-05
271	196	1e-05
271	197	1e-05
271	198	1e-05
271	199	1e-05

272	190	1e-05
272	191	1e-05
272	192	1e-05
272	193	1e-05
272	194	1e-05
272	195	1e-05
272	196	1e-05
272	197	1e-05
272	198	1e-05
272	199	1e-05

273	190	1e-05
273	191	1e-05
273	192	1e-05
273	193	1e-05
273	194	1e-05
273	195	1e-05
273	196	1e-05
273	197	1e-05
273	198	1e-05
273	199	1e-05

274	190	1e-05
274	191	1e-05
274	192	1e-05
274	193	1e-05
274	194	1e-05
274	195	1e-05
274	196	1e-05
274	197	1e-05
274	198	1e-05
274	199	1e-05

275	190	1e-05
275	191	1e-05
275	192	1e-05
275	193	1e-05
275	194	1e-05
275	195	1e-05
275	196	1e-05
275	197	1e-05
275	198	1e-05
275	199	1e-05

276	190	1e-05
276	191	1e-05
276	192	1e-05
276	193	1e-05
276	194	1e-05
276	195	1e-05
276	196	1e-05
276	197	1e-05
276	198	1e-05
276	199	1e-05

277	190	1e-05
277	191	1e-05
277	192	1e-05
277	193	1e-05
277	194	1e-05
277	195	1e-05
277	196	1e-05
277	197	1e-05
277	198	1e-05
277	199	1e-05

278	190	1e-05
278	191	1e-05
278	192	1e-05
278	193	1e-05
278	194	1e-05
278	195	1e-05
278	196	1e-05
278	197	1e-05
278	198	1e-05
278	199	1e-05

279	190	1e-05
279	191	1e-05
279	192	1e-05
279	193	1e-05
279	194	1e-05
279	195	1e-05
279	196	1e-05
279	197	1e-05
279	198	1e-05
279	199	1e-05

280	190	1218
280	191	1874
280	192	2112
280	193	1812
280	194	1835
280	195	260
280	196	48
280	197	3
280	198	1e-05
280	199	1e-05

281	190	1e-05
281	191	1e-05
281	192	1e-05
281	193	1e-05
281	194	1e-05
281	195	1e-05
281	196	1e-05
281	197	1e-05
281	198	1e-05
281	199	1e-05

282	190	1e-05
282	191	1e-05
282	192	1e-05
282	193	1e-05
282	194	1e-05
282	195	1e-05
282	196	1e-05
282	197	1e-05
282	198	1e-05
282	199	1e-05

283	190	1e-05
283	191	1e-05
283	192	1e-05
283	193	1e-05
283	194	1e-05
283	195	1e-05
283	196	1e-05
283	197	1e-05
283	198	1e-05
283	199	1e-05

284	190	1e-05
284	191	1e-05
284	192	1e-05
284	193	1e-05
284	194	1e-05
284	195	1e-05
284	196	1e-05
284	197	1e-05
284	198	1e-05
284	199	1e-05

285	190	1e-05
285	191	1e-05
285	192	1e-05
285	193	1e-05
285	194	1e-05
285	195	1e-05
285	196	1e-05
285	197	1e-05
285	198	1e-05
285	199	1e-05

286	190	1e-05
286	191	1e-05
286	192	1e-05
286	193	1e-05
286	194	1e-05
286	195	1e-05
286	196	1e-05
286	197	1e-05
286	198	1e-05
286	199	1e-05

287	190	1e-05
287	191	1e-05
287	192	1e-05
287	193	1e-05
287	194	1e-05
287	195	1e-05
287	196	1e-05
287	197	1e-05
287	198	1e-05
287	199	1e-05

288	190	1e-05
288	191	1e-05
288	192	1e-05
288	193	1e-05
288	194	1e-05
288	195	1e-05
288	196	1e-05
288	197	1e-05
288	198	1e-05
288	199	1e-05

289	190	1e-05
289	191	1e-05
289	192	1e-05
289	193	1e-05
289	194	1e-05
289	195	1e-05
289	196	1e-05
289	197	1e-05
289	198	1e-05
289	199	1e-05

290	190	1e-05
290	191	1e-05
290	192	1e-05
290	193	1e-05
290	194	1e-05
290	195	1e-05
290	196	1e-05
290	197	1e-05
290	198	1e-05
290	199	1e-05

291	190	1e-05
291	191	1e-05
291	192	1e-05
291	193	1e-05
291	194	1e-05
291	195	1e-05
291	196	1e-05
291	197	1e-05
291	198	1e-05
291	199	1e-05

292	190	1e-05
292	191	1e-05
292	192	1e-05
292	193	1e-05
292	194	1e-05
292	195	1e-05
292	196	1e-05
292	197	1e-05
292	198	1e-05
292	199	1e-05

293	190	1e-05
293	191	1e-05
293	192	1e-05
293	193	1e-05
293	194	1e-05
293	195	1e-05
293	196	1e-05
293	197	1e-05
293	198	1e-05
293	199	1e-05

294	190	1e-05
294	191	1e-05
294	192	1e-05
294	193	1e-05
294	194	1e-05
294	195	1e-05
294	196	1e-05
294	197	1e-05
294	198	1e-05
294	199	1e-05

295	190	1e-05
295	191	1e-05
295	192	1e-05
295	193	1e-05
295	194	1e-05
295	195	1e-05
295	196	1e-05
295	197	1e-05
295	198	1e-05
295	199	1e-05

296	190	1e-05
296	191	1e-05
296	192	1e-05
296	193	1e-05
296	194	1e-05
296	195	1e-05
296	196	1e-05
296	197	1e-05
296	198	1e-05
296	199	1e-05

297	190	1e-05
297	191	1e-05
297	192	1e-05
297	193	1e-05
297	194	1e-05
297	195	1e-05
297	196	1e-05
297	197	1e-05
297	198	1e-05
297	199	1e-05

298	190	1e-05
298	191	1e-05
298	192	1e-05
298	193	1e-05
298	194	1e-05
298	195	1e-05
298	196	1e-05
298	197	1e-05
298	198	1e-05
298	199	1e-05

299	190	1e-05
299	191	1e-05
299	192	1e-05
299	193	1e-05
299	194	1e-05
299	195	1e-05
299	196	1e-05
299	197	1e-05
299	198	1e-05
299	199	1e-05

300	190	1483
300	191	2017
300	192	1983
300	193	2440
300	194	429
300	195	162
300	196	11
300	197	1e-05
300	198	1e-05
300	199	1e-05

301	190	1e-05
301	191	1e-05
301	192	1e-05
301	193	1e-05
301	194	1e-05
301	195	1e-05
301	196	1e-05
301	197	1e-05
301	198	1e-05
301	199	1e-05

302	190	1e-05
302	191	1e-05
302	192	1e-05
302	193	1e-05
302	194	1e-05
302	195	1e-05
302	196	1e-05
302	197	1e-05
302	198	1e-05
302	199	1e-05

303	190	1e-05
303	191	1e-05
303	192	1e-05
303	193	1e-05
303	194	1e-05
303	195	1e-05
303	196	1e-05
303	197	1e-05
303	198	1e-05
303	199	1e-05

304	190	1e-05
304	191	1e-05
304	192	1e-05
304	193	1e-05
304	194	1e-05
304	195	1e-05
304	196	1e-05
304	197	1e-05
304	198	1e-05
304	199	1e-05

305	190	1e-05
305	191	1e-05
305	192	1e-05
305	193	1e-05
305	194	1e-05
305	195	1e-05
305	196	1e-05
305	197	1e-05
305	198	1e-05
305	199	1e-05

306	190	1e-05
306	191	1e-05
306	192	1e-05
306	193	1e-05
306	194	1e-05
306	195	1e-05
306	196	1e-05
306	197	1e-05
306	198	1e-05
306	199	1e-05

307	190	1e-05
307	191	1e-05
307	192	1e-05
307	193	1e-05
307	194	1e-05
307	195	1e-05
307	196	1e-05
307	197	1e-05
307	198	1e-05
307	199	1e-05

308	190	1e-05
308	191	1e-05
308	192	1e-05
308	193	1e-05
308	194	1e-05
308	195	1e-05
308	196	1e-05
308	197	1e-05
308	198	1e-05
308	199	1e-05

309	190	1e-05
309	191	1e-05
309	192	1e-05
309	193	1e-05
309	194	1e-05
309	195	1e-05
309	196	1e-05
309	197	1e-05
309	198	1e-05
309	199	1e-05

310	190	1e-05
310	191	1e-05
310	192	1e-05
310	193	1e-05
310	194	1e-05
310	195	1e-05
310	196	1e-05
310	197	1e-05
310	198	1e-05
310	199	1e-05

311	190	1e-05
311	191	1e-05
311	192	1e-05
311	193	1e-05
311	194	1e-05
311	195	1e-05
311	196	1e-05
311	197	1e-05
311	198	1e-05
311	199	1e-05

312	190	1e-05
312	191	1e-05
312	192	1e-05
312	193	1e-05
312	194	1e-05
312	195	1e-05
312	196	1e-05
312	197	1e-05
312	198	1e-05
312	199	1e-05

313	190	1e-05
313	191	1e-05
313	192	1e-05
313	193	1e-05
313	194	1e-05
313	195	1e-05
313	196	1e-05
313	197	1e-05
313	198	1e-05
313	199	1e-05

314	190	1e-05
314	191	1e-05
314	192	1e-05
314	193	1e-05
314	194	1e-05
314	195	1e-05
314	196	1e-05
314	197	1e-05
314	198	1e-05
314	199	1e-05

315	190	1e-05
315	191	1e-05
315	192	1e-05
315	193	1e-05
315	194	1e-05
315	195	1e-05
315	196	1e-05
315	197	1e-05
315	198	1e-05
315	199	1e-05

316	190	1e-05
316	191	1e-05
316	192	1e-05
316	193	1e-05
316	194	1e-05
316	195	1e-05
316	196	1e-05
316	197	1e-05
316	198	1e-05
316	199	1e-05

317	190	1e-05
317	191	1e-05
317	192	1e-05
317	193	1e-05
317	194	1e-05
317	195	1e-05
317	196	1e-05
317	197	1e-05
317	198	1e-05
317	199	1e-05

318	190	1e-05
318	191	1e-05
318	192	1e-05
318	193	1e-05
318	194	1e-05
318	195	1e-05
318	196	1e-05
318	197	1e-05
318	198	1e-05
318	199	1e-05

319	190	1e-05
319	191	1e-05
319	192	1e-05
319	193	1e-05
319	194	1e-05
319	195	1e-05
319	196	1e-05
319	197	1e-05
319	198	1e-05
319	199	1e-05

320	190	1736
320	191	2034
320	192	2962
320	193	671
320	194	296
320	195	90
320	196	1
320	197	1e-05
320	198	1e-05
320	199	1e-05

321	190	1e-05
321	191	1e-05
321	192	1e-05
321	193	1e-05
321	194	1e-05
321	195	1e-05
321	196	1e-05
321	197	1e-05
321	198	1e-05
321	199	1e-05

322	190	1e-05
322	191	1e-05
322	192	1e-05
322	193	1e-05
322	194	1e-05
322	195	1e-05
322	196	1e-05
322	197	1e-05
322	198	1e-05
322	199	1e-05

323	190	1e-05
323	191	1e-05
323	192	1e-05
323	193	1e-05
323	194	1e-05
323	195	1e-05
323	196	1e-05
323	197	1e-05
323	198	1e-05
323	199	1e-05

324	190	1e-05
324	191	1e-05
324	192	1e-05
324	193	1e-05
324	194	1e-05
324	195	1e-05
324	196	1e-05
324	197	1e-05
324	198	1e-05
324	199	1e-05

325	190	1e-05
325	191	1e-05
325	192	1e-05
325	193	1e-05
325	194	1e-05
325	195	1e-05
325	196	1e-05
325	197	1e-05
325	198	1e-05
325	199	1e-05

326	190	1e-05
326	191	1e-05
326	192	1e-05
326	193	1e-05
326	194	1e-05
326	195	1e-05
326	196	1e-05
326	197	1e-05
326	198	1e-05
326	199	1e-05

327	190	1e-05
327	191	1e-05
327	192	1e-05
327	193	1e-05
327	194	1e-05
327	195	1e-05
327	196	1e-05
327	197	1e-05
327	198	1e-05
327	199	1e-05

328	190	1e-05
328	191	1e-05
328	192	1e-05
328	193	1e-05
328	194	1e-05
328	195	1e-05
328	196	1e-05
328	197	1e-05
328	198	1e-05
328	199	1e-05

329	190	1e-05
329	191	1e-05
329	192	1e-05
329	193	1e-05
329	194	1e-05
329	195	1e-05
329	196	1e-05
329	197	1e-05
329	198	1e-05
329	199	1e-05

330	190	1e-05
330	191	1e-05
330	192	1e-05
330	193	1e-05
330	194	1e-05
330	195	1e-05
330	196	1e-05
330	197	1e-05
330	198	1e-05
330	199	1e-05

331	190	1e-05
331	191	1e-05
331	192	1e-05
331	193	1e-05
331	194	1e-05
331	195	1e-05
331	196	1e-05
331	197	1e-05
331	198	1e-05
331	199	1e-05

332	190	1e-05
332	191	1e-05
332	192	1e-05
332	193	1e-05
332	194	1e-05
332	195	1e-05
332	196	1e-05
332	197	1e-05
332	198	1e-05
332	199	1e-05

333	190	1e-05
333	191	1e-05
333	192	1e-05
333	193	1e-05
333	194	1e-05
333	195	1e-05
333	196	1e-05
333	197	1e-05
333	198	1e-05
333	199	1e-05

334	190	1e-05
334	191	1e-05
334	192	1e-05
334	193	1e-05
334	194	1e-05
334	195	1e-05
334	196	1e-05
334	197	1e-05
334	198	1e-05
334	199	1e-05

335	190	1e-05
335	191	1e-05
335	192	1e-05
335	193	1e-05
335	194	1e-05
335	195	1e-05
335	196	1e-05
335	197	1e-05
335	198	1e-05
335	199	1e-05

336	190	1e-05
336	191	1e-05
336	192	1e-05
336	193	1e-05
336	194	1e-05
336	195	1e-05
336	196	1e-05
336	197	1e-05
336	198	1e-05
336	199	1e-05

337	190	1e-05
337	191	1e-05
337	192	1e-05
337	193	1e-05
337	194	1e-05
337	195	1e-05
337	196	1e-05
337	197	1e-05
337	198	1e-05
337	199	1e-05

338	190	1e-05
338	191	1e-05
338	192	1e-05
338	193	1e-05
338	194	1e-05
338	195	1e-05
338	196	1e-05
338	197	1e-05
338	198	1e-05
338	199	1e-05

339	190	1e-05
339	191	1e-05
339	192	1e-05
339	193	1e-05
339	194	1e-05
339	195	1e-05
339	196	1e-05
339	197	1e-05
339	198	1e-05
339	199	1e-05

340	190	1906
340	191	3363
340	192	922
340	193	472
340	194	212
340	195	42
340	196	1e-05
340	197	1e-05
340	198	1e-05
340	199	1e-05

341	190	1e-05
341	191	1e-05
341	192	1e-05
341	193	1e-05
341	194	1e-05
341	195	1e-05
341	196	1e-05
341	197	1e-05
341	198	1e-05
341	199	1e-05

342	190	1e-05
342	191	1e-05
342	192	1e-05
342	193	1e-05
342	194	1e-05
342	195	1e-05
342	196	1e-05
342	197	1e-05
342	198	1e-05
342	199	1e-05

343	190	1e-05
343	191	1e-05
343	192	1e-05
343	193	1e-05
343	194	1e-05
343	195	1e-05
343	196	1e-05
343	197	1e-05
343	198	1e-05
343	199	1e-05

344	190	1e-05
344	191	1e-05
344	192	1e-05
344	193	1e-05
344	194	1e-05
344	195	1e-05
344	196	1e-05
344	197	1e-05
344	198	1e-05
344	199	1e-05

345	190	1e-05
345	191	1e-05
345	192	1e-05
345	193	1e-05
345	194	1e-05
345	195	1e-05
345	196	1e-05
345	197	1e-05
345	198	1e-05
345	199	1e-05

346	190	1e-05
346	191	1e-05
346	192	1e-05
346	193	1e-05
346	194	1e-05
346	195	1e-05
346	196	1e-05
346	197	1e-05
346	198	1e-05
346	199	1e-05

347	190	1e-05
347	191	1e-05
347	192	1e-05
347	193	1e-05
347	194	1e-05
347	195	1e-05
347	196	1e-05
347	197	1e-05
347	198	1e-05
347	199	1e-05

348	190	1e-05
348	191	1e-05
348	192	1e-05
348	193	1e-05
348	194	1e-05
348	195	1e-05
348	196	1e-05
348	197	1e-05
348	198	1e-05
348	199	1e-05

349	190	1e-05
349	191	1e-05
349	192	1e-05
349	193	1e-05
349	194	1e-05
349	195	1e-05
349	196	1e-05
349	197	1e-05
349	198	1e-05
349	199	1e-05

350	190	1e-05
350	191	1e-05
350	192	1e-05
350	193	1e-05
350	194	1e-05
350	195	1e-05
350	196	1e-05
350	197	1e-05
350	198	1e-05
350	199	1e-05

351	190	1e-05
351	191	1e-05
351	192	1e-05
351	193	1e-05
351	194	1e-05
351	195	1e-05
351	196	1e-05
351	197	1e-05
351	198	1e-05
351	199	1e-05

352	190	1e-05
352	191	1e-05
352	192	1e-05
352	193	1e-05
352	194	1e-05
352	195	1e-05
352	196	1e-05
352	197	1e-05
352	198	1e-05
352	199	1e-05

353	190	1e-05
353	191	1e-05
353	192	1e-05
353	193	1e-05
353	194	1e-05
353	195	1e-05
353	196	1e-05
353	197	1e-05
353	198	1e-05
353	199	1e-05

354	190	1e-05
354	191	1e-05
354	192	1e-05
354	193	1e-05
354	194	1e-05
354	195	1e-05
354	196	1e-05
354	197	1e-05
354	198	1e-05
354	199	1e-05

355	190	1e-05
355	191	1e-05
355	192	1e-05
355	193	1e-05
355	194	1e-05
355	195	1e-05
355	196	1e-05
355	197	1e-05
355	198	1e-05
355	199	1e-05

356	190	1e-05
356	191	1e-05
356	192	1e-05
356	193	1e-05
356	194	1e-05
356	195	1e-05
356	196	1e-05
356	197	1e-05
356	198	1e-05
356	199	1e-05

357	190	1e-05
357	191	1e-05
357	192	1e-05
357	193	1e-05
357	194	1e-05
357	195	1e-05
357	196	1e-05
357	197	1e-05
357	198	1e-05
357	199	1e-05

358	190	1e-05
358	191	1e-05
358	192	1e-05
358	193	1e-05
358	194	1e-05
358	195	1e-05
358	196	1e-05
358	197	1e-05
358	198	1e-05
358	199	1e-05

359	190	1e-05
359	191	1e-05
359	192	1e-05
359	193	1e-05
359	194	1e-05
359	195	1e-05
359	196	1e-05
359	197	1e-05
359	198	1e-05
359	199	1e-05

360	190	3572
360	191	1182
360	192	720
360	193	320
360	194	136
360	195	18
360	196	1e-05
360	197	1e-05
360	198	1e-05
360	199	1e-05

361	190	1e-05
361	191	1e-05
361	192	1e-05
361	193	1e-05
361	194	1e-05
361	195	1e-05
361	196	1e-05
361	197	1e-05
361	198	1e-05
361	199	1e-05

362	190	1e-05
362	191	1e-05
362	192	1e-05
362	193	1e-05
362	194	1e-05
362	195	1e-05
362	196	1e-05
362	197	1e-05
362	198	1e-05
362	199	1e-05

363	190	1e-05
363	191	1e-05
363	192	1e-05
363	193	1e-05
363	194	1e-05
363	195	1e-05
363	196	1e-05
363	197	1e-05
363	198	1e-05
363	199	1e-05

364	190	1e-05
364	191	1e-05
364	192	1e-05
364	193	1e-05
364	194	1e-05
364	195	1e-05
364	196	1e-05
364	197	1e-05
364	198	1e-05
364	199	1e-05

365	190	1e-05
365	191	1e-05
365	192	1e-05
365	193	1e-05
365	194	1e-05
365	195	1e-05
365	196	1e-05
365	197	1e-05
365	198	1e-05
365	199	1e-05

366	190	1e-05
366	191	1e-05
366	192	1e-05
366	193	1e-05
366	194	1e-05
366	195	1e-05
366	196	1e-05
366	197	1e-05
366	198	1e-05
366	199	1e-05

367	190	1e-05
367	191	1e-05
367	192	1e-05
367	193	1e-05
367	194	1e-05
367	195	1e-05
367	196	1e-05
367	197	1e-05
367	198	1e-05
367	199	1e-05

368	190	1e-05
368	191	1e-05
368	192	1e-05
368	193	1e-05
368	194	1e-05
368	195	1e-05
368	196	1e-05
368	197	1e-05
368	198	1e-05
368	199	1e-05

369	190	1e-05
369	191	1e-05
369	192	1e-05
369	193	1e-05
369	194	1e-05
369	195	1e-05
369	196	1e-05
369	197	1e-05
369	198	1e-05
369	199	1e-05

370	190	1e-05
370	191	1e-05
370	192	1e-05
370	193	1e-05
370	194	1e-05
370	195	1e-05
370	196	1e-05
370	197	1e-05
370	198	1e-05
370	199	1e-05

371	190	1e-05
371	191	1e-05
371	192	1e-05
371	193	1e-05
371	194	1e-05
371	195	1e-05
371	196	1e-05
371	197	1e-05
371	198	1e-05
371	199	1e-05

372	190	1e-05
372	191	1e-05
372	192	1e-05
372	193	1e-05
372	194	1e-05
372	195	1e-05
372	196	1e-05
372	197	1e-05
372	198	1e-05
372	199	1e-05

373	190	1e-05
373	191	1e-05
373	192	1e-05
373	193	1e-05
373	194	1e-05
373	195	1e-05
373	196	1e-05
373	197	1e-05
373	198	1e-05
373	199	1e-05

374	190	1e-05
374	191	1e-05
374	192	1e-05
374	193	1e-05
374	194	1e-05
374	195	1e-05
374	196	1e-05
374	197	1e-05
374	198	1e-05
374	199	1e-05

375	190	1e-05
375	191	1e-05
375	192	1e-05
375	193	1e-05
375	194	1e-05
375	195	1e-05
375	196	1e-05
375	197	1e-05
375	198	1e-05
375	199	1e-05

376	190	1e-05
376	191	1e-05
376	192	1e-05
376	193	1e-05
376	194	1e-05
376	195	1e-05
376	196	1e-05
376	197	1e-05
376	198	1e-05
376	199	1e-05

377	190	1e-05
377	191	1e-05
377	192	1e-05
377	193	1e-05
377	194	1e-05
377	195	1e-05
377	196	1e-05
377	197	1e-05
377	198	1e-05
377	199	1e-05

378	190	1e-05
378	191	1e-05
378	192	1e-05
378	193	1e-05
378	194	1e-05
378	195	1e-05
378	196	1e-05
378	197	1e-05
378	198	1e-05
378	199	1e-05

379	190	1e-05
379	191	1e-05
379	192	1e-05
379	193	1e-05
379	194	1e-05
379	195	1e-05
379	196	1e-05
379	197	1e-05
379	198	1e-05
379	199	1e-05

380	190	1472
380	191	944
380	192	527
380	193	240
380	194	75
380	195	1
380	196	1e-05
380	197	1e-05
380	198	1e-05
380	199	1e-05

381	190	1e-05
381	191	1e-05
381	192	1e-05
381	193	1e-05
381	194	1e-05
381	195	1e-05
381	196	1e-05
381	197	1e-05
381	198	1e-05
381	199	1e-05

382	190	1e-05
382	191	1e-05
382	192	1e-05
382	193	1e-05
382	194	1e-05
382	195	1e-05
382	196	1e-05
382	197	1e-05
382	198	1e-05
382	199	1e-05

383	190	1e-05
383	191	1e-05
383	192	1e-05
383	193	1e-05
383	194	1e-05
383	195	1e-05
383	196	1e-05
383	197	1e-05
383	198	1e-05
383	199	1e-05

384	190	1e-05
384	191	1e-05
384	192	1e-05
384	193	1e-05
384	194	1e-05
384	195	1e-05
384	196	1e-05
384	197	1e-05
384	198	1e-05
384	199	1e-05

385	190	1e-05
385	191	1e-05
385	192	1e-05
385	193	1e-05
385	194	1e-05
385	195	1e-05
385	196	1e-05
385	197	1e-05
385	198	1e-05
385	199	1e-05

386	190	1e-05
386	191	1e-05
386	192	1e-05
386	193	1e-05
386	194	1e-05
386	195	1e-05
386	196	1e-05
386	197	1e-05
386	198	1e-05
386	199	1e-05

387	190	1e-05
387	191	1e-05
387	192	1e-05
387	193	1e-05
387	194	1e-05
387	195	1e-05
387	196	1e-05
387	197	1e-05
387	198	1e-05
387	199	1e-05

388	190	1e-05
388	191	1e-05
388	192	1e-05
388	193	1e-05
388	194	1e-05
388	195	1e-05
388	196	1e-05
388	197	1e-05
388	198	1e-05
388	199	1e-05

389	190	1e-05
389	191	1e-05
389	192	1e-05
389	193	1e-05
389	194	1e-05
389	195	1e-05
389	196	1e-05
389	197	1e-05
389	198	1e-05
389	199	1e-05

390	190	1e-05
390	191	1e-05
390	192	1e-05
390	193	1e-05
390	194	1e-05
390	195	1e-05
390	196	1e-05
390	197	1e-05
390	198	1e-05
390	199	1e-05

391	190	1e-05
391	191	1e-05
391	192	1e-05
391	193	1e-05
391	194	1e-05
391	195	1e-05
391	196	1e-05
391	197	1e-05
391	198	1e-05
391	199	1e-05

392	190	1e-05
392	191	1e-05
392	192	1e-05
392	193	1e-05
392	194	1e-05
392	195	1e-05
392	196	1e-05
392	197	1e-05
392	198	1e-05
392	199	1e-05

393	190	1e-05
393	191	1e-05
393	192	1e-05
393	193	1e-05
393	194	1e-05
393	195	1e-05
393	196	1e-05
393	197	1e-05
393	198	1e-05
393	199	1e-05

394	190	1e-05
394	191	1e-05
394	192	1e-05
394	193	1e-05
394	194	1e-05
394	195	1e-05
394	196	1e-05
394	197	1e-05
394	198	1e-05
394	199	1e-05

395	190	1e-05
395	191	1e-05
395	192	1e-05
395	193	1e-05
395	194	1e-05
395	195	1e-05
395	196	1e-05
395	197	1e-05
395	198	1e-05
395	199	1e-05

396	190	1e-05
396	191	1e-05
396	192	1e-05
396	193	1e-05
396	194	1e-05
396	195	1e-05
396	196	1e-05
396	197	1e-05
396	198	1e-05
396	199	1e-05

397	190	1e-05
397	191	1e-05
397	192	1e-05
397	193	1e-05
397	194	1e-05
397	195	1e-05
397	196	1e-05
397	197	1e-05
397	198	1e-05
397	199	1e-05

398	190	1e-05
398	191	1e-05
398	192	1e-05
398	193	1e-05
398	194	1e-05
398	195	1e-05
398	196	1e-05
398	197	1e-05
398	198	1e-05
398	199	1e-05

399	190	1e-05
399	191	1e-05
399	192	1e-05
399	193	1e-05
399	194	1e-05
399	195	1e-05
399	196	1e-05
399	197	1e-05
399	198	1e-05
399	199	1e-05

