






7	97	2

8	96	4
8	97	10

9	86	5
9	87	7
9	93	1
9	94	7
9	95	38
9	96	59
9	97	48
9	98	17

10	74	2
10	75	1
10	76	1
10	84	8
10	85	30
10	86	27
10	87	20
10	88	1
10	92	16
10	93	33
10	94	89
10	95	152
10	96	129
10	97	73
10	98	16

11	64	2
11	74	3
11	75	11
11	77	1
11	82	5
11	83	7
11	84	19
11	85	34
11	86	35
11	87	20
11	88	2
11	91	7
11	92	23
11	93	73
11	94	121
11	95	101
11	96	57
11	97	29
11	98	3

12	54	5
12	64	1
12	65	12
12	67	4
12	71	4
12	73	32
12	74	24
12	75	47
12	76	26
12	77	27
12	78	2
12	81	21
12	82	35
12	83	92
12	84	146
12	85	130
12	86	54
12	87	32
12	89	9
12	90	16
12	91	81
12	92	181
12	93	280
12	94	287
12	95	207
12	96	128
12	97	44
12	99	41

13	44	2
13	54	9
13	56	2
13	60	3
13	61	4
13	62	9
13	63	31
13	64	44
13	65	35
13	66	24
13	67	19
13	70	6
13	71	13
13	72	47
13	73	87
13	74	110
13	75	57
13	76	49
13	77	2
13	78	5
13	79	14
13	80	46
13	81	113
13	82	198
13	83	233
13	84	211
13	85	136
13	86	78
13	87	18
13	88	19
13	89	55
13	90	138
13	91	282
13	92	371
13	93	413
13	94	334
13	95	225
13	96	82
13	97	12
13	98	57
13	99	161

14	34	1
14	43	1
14	44	1
14	50	3
14	51	1
14	54	11
14	55	14
14	56	11
14	57	2
14	60	1
14	61	5
14	62	28
14	63	46
14	64	41
14	65	10
14	66	16
14	68	1
14	69	8
14	70	18
14	71	51
14	72	71
14	73	79
14	74	53
14	75	39
14	76	14
14	77	2
14	78	6
14	79	25
14	80	69
14	81	104
14	82	158
14	83	152
14	84	136
14	85	101
14	86	17
14	87	11
14	88	26
14	89	76
14	90	156
14	91	233
14	92	227
14	93	211
14	94	181
14	95	43
14	97	34
14	98	68
14	99	159

15	24	2
15	33	1
15	39	2
15	40	5
15	41	4
15	43	2
15	44	14
15	45	10
15	46	6
15	51	19
15	52	36
15	53	51
15	54	44
15	55	27
15	56	22
15	57	3
15	59	15
15	60	35
15	61	86
15	62	120
15	63	125
15	64	95
15	65	48
15	66	7
15	67	11
15	68	15
15	69	60
15	70	131
15	71	202
15	72	196
15	73	194
15	74	184
15	75	78
15	76	6
15	77	21
15	78	64
15	79	149
15	80	254
15	81	373
15	82	368
15	83	411
15	84	203
15	85	59
15	86	22
15	87	68
15	88	157
15	89	328
15	90	465
15	91	518
15	92	632
15	93	446
15	94	107
15	95	21
15	96	43
15	97	131
15	98	267
15	99	431

16	23	1
16	24	1
16	26	3
16	32	1
16	33	8
16	34	1
16	36	4
16	38	3
16	39	4
16	40	11
16	41	27
16	42	35
16	43	45
16	44	36
16	45	24
16	46	8
16	49	11
16	50	50
16	51	60
16	52	99
16	53	110
16	54	54
16	55	11
16	56	5
16	57	14
16	58	34
16	59	82
16	60	157
16	61	210
16	62	189
16	63	203
16	64	98
16	65	22
16	66	17
16	67	28
16	68	109
16	69	172
16	70	265
16	71	289
16	72	391
16	73	250
16	74	71
16	75	23
16	76	43
16	77	98
16	78	218
16	79	350
16	80	465
16	81	581
16	82	493
16	83	168
16	84	62
16	85	13
16	86	88
16	87	190
16	88	337
16	89	418
16	90	870
16	91	712
16	92	259
16	93	101
16	94	44
16	95	61
16	96	145
16	97	279
16	98	454
16	99	852

17	22	1
17	25	3
17	30	1
17	31	5
17	32	9
17	33	17
17	34	11
17	35	7
17	38	4
17	40	24
17	41	25
17	42	40
17	43	42
17	44	20
17	46	5
17	48	17
17	49	31
17	50	58
17	51	66
17	52	69
17	53	65
17	54	13
17	56	11
17	57	23
17	58	58
17	59	81
17	60	114
17	61	138
17	62	177
17	63	66
17	64	18
17	65	9
17	66	19
17	67	37
17	68	102
17	69	154
17	70	192
17	71	315
17	72	143
17	73	44
17	74	11
17	75	26
17	76	45
17	77	97
17	78	178
17	79	217
17	80	451
17	81	234
17	82	83
17	83	47
17	84	20
17	85	32
17	86	95
17	87	164
17	88	206
17	89	508
17	90	278
17	91	153
17	92	53
17	93	34
17	94	35
17	95	59
17	96	119
17	97	193
17	98	532
17	99	299

18	14	1
18	18	1
18	20	7
18	21	4
18	22	11
18	23	19
18	24	15
18	25	9
18	28	4
18	30	36
18	31	35
18	32	69
18	33	51
18	34	15
18	35	1
18	36	13
18	37	9
18	38	26
18	39	66
18	40	89
18	41	89
18	42	123
18	43	65
18	46	9
18	47	46
18	48	102
18	49	138
18	50	179
18	51	241
18	52	181
18	53	55
18	54	21
18	55	18
18	56	44
18	57	98
18	58	185
18	59	277
18	60	447
18	61	407
18	62	183
18	63	58
18	64	33
18	65	56
18	66	84
18	67	191
18	68	330
18	69	569
18	70	595
18	71	321
18	72	121
18	73	63
18	74	52
18	75	116
18	76	215
18	77	329
18	78	626
18	79	781
18	80	484
18	81	275
18	82	112
18	83	51
18	84	53
18	85	137
18	86	324
18	87	637
18	88	771
18	89	497
18	90	335
18	91	153
18	92	96
18	93	81
18	94	92
18	95	134
18	96	555
18	97	751
18	98	536
18	99	376

19	4	1
19	7	1
19	11	9
19	12	6
19	13	3
19	14	2
19	17	4
19	18	9
19	19	18
19	20	19
19	21	43
19	22	77
19	23	38
19	24	3
19	25	8
19	26	8
19	27	23
19	28	34
19	29	75
19	30	40
19	31	122
19	32	94
19	33	17
19	35	7
19	36	7
19	37	53
19	38	97
19	39	163
19	40	223
19	41	172
19	42	84
19	43	24
19	44	6
19	45	19
19	46	70
19	47	112
19	48	207
19	49	378
19	50	368
19	51	157
19	52	80
19	53	42
19	54	44
19	55	71
19	56	149
19	57	198
19	58	461
19	59	502
19	60	371
19	61	192
19	62	88
19	63	47
19	64	68
19	65	109
19	66	244
19	67	557
19	68	707
19	69	497
19	70	315
19	71	171
19	72	99
19	73	63
19	74	113
19	75	238
19	76	564
19	77	713
19	78	529
19	79	419
19	80	250
19	81	97
19	82	65
19	83	72
19	84	111
19	85	423
19	86	695
19	87	553
19	88	415
19	89	282
19	90	212
19	91	98
19	92	81
19	93	87
19	94	276
19	95	522
19	96	440
19	97	432
19	98	369
19	99	251

20	5	1
20	7	4
20	8	2
20	9	6
20	10	9
20	11	11
20	12	15
20	14	1
20	17	4
20	18	19
20	19	21
20	20	26
20	21	68
20	22	30
20	23	4
20	24	5
20	25	7
20	26	17
20	27	17
20	28	47
20	29	54
20	30	97
20	31	56
20	32	23
20	33	10
20	34	1
20	36	9
20	37	60
20	38	92
20	39	193
20	40	111
20	41	45
20	42	22
20	43	7
20	44	19
20	45	37
20	46	83
20	47	80
20	48	243
20	49	194
20	50	128
20	51	63
20	52	37
20	53	19
20	54	44
20	55	71
20	56	129
20	57	345
20	58	270
20	59	163
20	60	117
20	61	61
20	62	40
20	63	34
20	64	57
20	65	108
20	66	350
20	67	276
20	68	233
20	69	200
20	70	115
20	71	43
20	72	35
20	73	49
20	74	79
20	75	358
20	76	265
20	77	242
20	78	209
20	79	147
20	80	59
20	81	41
20	82	36
20	83	50
20	84	246
20	85	247
20	86	217
20	87	226
20	88	153
20	89	112
20	90	69
20	91	34
20	92	42
20	93	155
20	94	152
20	95	163
20	96	199
20	97	157
20	98	115
20	99	72

21	0	18
21	1	31
21	2	12
21	6	7
21	8	38
21	9	29
21	10	51
21	11	77
21	12	29
21	13	2
21	14	6
21	15	10
21	16	26
21	17	19
21	18	78
21	19	108
21	20	130
21	21	65
21	22	28
21	23	21
21	24	9
21	25	11
21	26	47
21	27	111
21	28	213
21	29	232
21	30	150
21	31	64
21	32	33
21	34	15
21	35	61
21	36	123
21	37	305
21	38	363
21	39	262
21	40	164
21	41	87
21	42	56
21	43	50
21	44	70
21	45	157
21	46	329
21	47	512
21	48	397
21	49	270
21	50	191
21	51	91
21	52	69
21	53	83
21	54	153
21	55	413
21	56	573
21	57	487
21	58	425
21	59	281
21	60	157
21	61	87
21	62	80
21	63	98
21	64	319
21	65	625
21	66	492
21	67	454
21	68	431
21	69	267
21	70	122
21	71	68
21	72	84
21	73	247
21	74	473
21	75	500
21	76	463
21	77	448
21	78	291
21	79	206
21	80	94
21	81	80
21	82	166
21	83	289
21	84	358
21	85	369
21	86	422
21	87	324
21	88	193
21	89	137
21	90	84
21	91	157
21	92	239
21	93	248
21	94	256
21	95	254
21	96	271
21	97	210
21	98	103
21	99	85

22	0	100
22	1	56
22	2	23
22	4	6
22	5	18
22	6	23
22	7	50
22	8	68
22	9	86
22	10	74
22	11	7
22	12	24
22	13	13
22	14	15
22	15	19
22	16	62
22	17	187
22	18	218
22	19	148
22	20	101
22	21	38
22	22	30
22	23	7
22	24	31
22	25	85
22	26	211
22	27	329
22	28	236
22	29	164
22	30	120
22	31	51
22	32	47
22	33	36
22	34	58
22	35	279
22	36	406
22	37	363
22	38	265
22	39	189
22	40	121
22	41	72
22	42	83
22	43	104
22	44	262
22	45	475
22	46	438
22	47	396
22	48	356
22	49	194
22	50	104
22	51	78
22	52	93
22	53	257
22	54	474
22	55	448
22	56	444
22	57	429
22	58	317
22	59	192
22	60	108
22	61	75
22	62	206
22	63	399
22	64	490
22	65	464
22	66	429
22	67	377
22	68	238
22	69	119
22	70	75
22	71	157
22	72	263
22	73	319
22	74	384
22	75	441
22	76	420
22	77	282
22	78	183
22	79	115
22	80	136
22	81	187
22	82	239
22	83	281
22	84	305
22	85	269
22	86	266
22	87	189
22	88	109
22	89	103
22	90	131
22	91	128
22	92	169
22	93	218
22	94	188
22	95	200
22	96	145
22	97	81
22	98	72
22	99	50

23	0	59
23	1	30
23	2	25
23	3	8
23	4	11
23	5	10
23	6	27
23	7	61
23	8	67
23	9	40
23	10	16
23	11	11
23	12	12
23	13	8
23	14	15
23	15	42
23	16	150
23	17	113
23	18	103
23	19	67
23	20	36
23	21	21
23	22	16
23	23	21
23	24	27
23	25	169
23	26	158
23	27	126
23	28	121
23	29	82
23	30	45
23	31	44
23	32	2
23	33	27
23	34	181
23	35	201
23	36	178
23	37	171
23	38	99
23	39	88
23	40	54
23	41	46
23	42	58
23	43	181
23	44	209
23	45	198
23	46	215
23	47	193
23	48	132
23	49	62
23	50	32
23	51	49
23	52	145
23	53	204
23	54	210
23	55	197
23	56	221
23	57	175
23	58	99
23	59	56
23	60	54
23	61	133
23	62	158
23	63	183
23	64	216
23	65	247
23	66	192
23	67	133
23	68	88
23	69	43
23	70	91
23	71	91
23	72	134
23	73	159
23	74	177
23	75	176
23	76	133
23	77	85
23	78	66
23	79	75
23	80	70
23	81	98
23	82	85
23	83	134
23	84	112
23	85	106
23	86	90
23	87	39
23	88	63
23	89	35
23	90	43
23	91	53
23	92	107
23	93	83
23	94	81
23	95	65
23	96	39
23	97	48
23	98	17
23	99	17

24	0	90
24	1	50
24	2	56
24	3	70
24	4	46
24	5	123
24	6	206
24	7	146
24	8	116
24	9	87
24	10	45
24	11	29
24	12	20
24	13	42
24	14	140
24	15	269
24	16	267
24	17	239
24	18	194
24	19	118
24	20	58
24	21	53
24	22	26
24	23	161
24	24	326
24	25	314
24	26	277
24	27	245
24	28	186
24	29	134
24	30	84
24	31	79
24	32	155
24	33	335
24	34	338
24	35	380
24	36	396
24	37	298
24	38	206
24	39	111
24	40	93
24	41	165
24	42	251
24	43	391
24	44	420
24	45	417
24	46	393
24	47	298
24	48	175
24	49	86
24	50	152
24	51	267
24	52	332
24	53	347
24	54	426
24	55	427
24	56	374
24	57	256
24	58	149
24	59	132
24	60	210
24	61	264
24	62	323
24	63	387
24	64	415
24	65	340
24	66	284
24	67	159
24	68	163
24	69	154
24	70	146
24	71	199
24	72	237
24	73	303
24	74	302
24	75	255
24	76	180
24	77	153
24	78	120
24	79	101
24	80	123
24	81	177
24	82	196
24	83	195
24	84	177
24	85	147
24	86	115
24	87	83
24	88	40
24	89	46
24	90	84
24	91	145
24	92	138
24	93	137
24	94	112
24	95	98
24	96	68
24	97	18
24	98	26
24	99	18

25	0	80
25	1	62
25	2	81
25	3	160
25	4	255
25	5	239
25	6	202
25	7	163
25	8	114
25	9	76
25	10	51
25	11	36
25	12	94
25	13	248
25	14	272
25	15	276
25	16	280
25	17	228
25	18	138
25	19	102
25	20	67
25	21	133
25	22	228
25	23	313
25	24	309
25	25	314
25	26	320
25	27	237
25	28	163
25	29	79
25	30	133
25	31	239
25	32	269
25	33	338
25	34	398
25	35	394
25	36	340
25	37	236
25	38	137
25	39	156
25	40	202
25	41	270
25	42	316
25	43	400
25	44	412
25	45	404
25	46	259
25	47	173
25	48	153
25	49	182
25	50	191
25	51	296
25	52	353
25	53	403
25	54	385
25	55	345
25	56	266
25	57	171
25	58	156
25	59	171
25	60	215
25	61	255
25	62	288
25	63	336
25	64	292
25	65	217
25	66	168
25	67	148
25	68	95
25	69	85
25	70	164
25	71	212
25	72	247
25	73	232
25	74	215
25	75	196
25	76	117
25	77	69
25	78	84
25	79	98
25	80	116
25	81	166
25	82	140
25	83	135
25	84	116
25	85	103
25	86	41
25	87	19
25	88	42
25	89	70
25	90	77
25	91	95
25	92	109
25	93	91
25	94	81
25	95	27
25	97	10
25	98	7
25	99	46

26	0	35
26	1	32
26	2	89
26	3	133
26	4	145
26	5	133
26	6	115
26	7	83
26	8	53
26	9	51
26	10	34
26	11	66
26	12	120
26	13	141
26	14	154
26	15	164
26	16	152
26	17	97
26	18	74
26	19	9
26	20	87
26	21	133
26	22	127
26	23	184
26	24	187
26	25	159
26	26	140
26	27	92
26	28	61
26	29	97
26	30	89
26	31	107
26	32	166
26	33	172
26	34	201
26	35	199
26	36	121
26	37	90
26	38	95
26	39	83
26	40	124
26	41	158
26	42	179
26	43	194
26	44	184
26	45	171
26	46	94
26	47	107
26	48	68
26	49	90
26	50	110
26	51	158
26	52	159
26	53	176
26	54	167
26	55	119
26	56	120
26	57	63
26	58	67
26	59	82
26	60	111
26	61	123
26	62	142
26	63	135
26	64	97
26	65	109
26	66	57
26	68	45
26	69	67
26	70	74
26	71	113
26	72	96
26	73	88
26	74	122
26	75	40
26	76	26
26	77	36
26	78	37
26	79	52
26	80	61
26	81	59
26	82	49
26	83	67
26	84	27
26	85	16
26	86	4
26	87	15
26	88	14
26	89	32
26	90	20
26	91	43
26	92	53
26	93	25
26	94	9
26	95	3
26	96	7
26	98	10
26	99	24

27	0	120
27	1	166
27	2	260
27	3	307
27	4	319
27	5	320
27	6	267
27	7	173
27	8	127
27	9	104
27	10	148
27	11	229
27	12	278
27	13	344
27	14	347
27	15	340
27	16	236
27	17	160
27	18	139
27	19	138
27	20	166
27	21	268
27	22	339
27	23	361
27	24	368
27	25	319
27	26	192
27	27	194
27	28	181
27	29	161
27	30	212
27	31	289
27	32	369
27	33	340
27	34	385
27	35	312
27	36	259
27	37	195
27	38	142
27	39	205
27	40	291
27	41	340
27	42	353
27	43	353
27	44	330
27	45	262
27	46	180
27	47	114
27	48	166
27	49	196
27	50	235
27	51	296
27	52	342
27	53	282
27	54	268
27	55	215
27	56	83
27	57	93
27	58	135
27	59	143
27	60	203
27	61	247
27	62	238
27	63	244
27	64	190
27	65	93
27	66	62
27	67	69
27	68	104
27	69	135
27	70	162
27	71	147
27	72	148
27	73	141
27	74	90
27	75	35
27	76	44
27	77	52
27	78	61
27	79	92
27	80	86
27	81	129
27	82	102
27	83	42
27	84	18
27	85	15
27	86	17
27	87	15
27	88	20
27	89	62
27	90	61
27	91	67
27	92	29
27	93	19
27	94	7
27	96	11
27	97	8
27	98	12
27	99	41

28	0	230
28	1	253
28	2	362
28	3	384
28	4	395
28	5	341
28	6	256
28	7	256
28	8	188
28	9	176
28	10	216
28	11	282
28	12	317
28	13	336
28	14	363
28	15	264
28	16	201
28	17	194
28	18	146
28	19	160
28	20	279
28	21	338
28	22	372
28	23	302
28	24	343
28	25	305
28	26	222
28	27	111
28	28	121
28	29	256
28	30	276
28	31	293
28	32	406
28	33	361
28	34	357
28	35	259
28	36	136
28	37	127
28	38	232
28	39	252
28	40	284
28	41	334
28	42	293
28	43	301
28	44	245
28	45	131
28	46	98
28	47	115
28	48	169
28	49	195
28	50	234
28	51	284
28	52	292
28	53	193
28	54	114
28	55	92
28	56	79
28	57	113
28	58	148
28	59	178
28	60	166
28	61	216
28	62	221
28	63	111
28	64	67
28	65	41
28	66	56
28	67	60
28	68	113
28	69	119
28	70	150
28	71	130
28	72	58
28	73	56
28	74	25
28	75	19
28	76	34
28	77	26
28	78	54
28	79	103
28	80	82
28	81	31
28	82	30
28	83	13
28	84	13
28	86	24
28	87	12
28	88	40
28	89	51
28	90	35
28	91	31
28	92	3
28	93	1
28	97	18
28	98	20
28	99	11

29	0	138
29	1	164
29	2	212
29	3	183
29	4	199
29	5	154
29	6	166
29	7	130
29	8	107
29	9	142
29	10	128
29	11	158
29	12	170
29	13	167
29	14	159
29	15	161
29	16	78
29	17	57
29	18	72
29	19	113
29	20	159
29	21	164
29	22	189
29	23	144
29	24	228
29	25	94
29	26	40
29	27	65
29	28	102
29	29	133
29	30	133
29	31	188
29	32	188
29	33	227
29	34	95
29	35	61
29	36	70
29	37	100
29	38	96
29	39	130
29	40	144
29	41	138
29	42	161
29	43	81
29	44	51
29	45	43
29	46	41
29	47	61
29	48	88
29	49	91
29	50	121
29	51	157
29	52	72
29	53	39
29	54	46
29	55	38
29	56	50
29	57	53
29	58	75
29	59	83
29	60	126
29	61	74
29	62	43
29	63	33
29	64	21
29	65	10
29	66	22
29	67	29
29	68	47
29	69	72
29	70	34
29	71	17
29	72	23
29	73	11
29	74	11
29	75	7
29	76	16
29	77	5
29	78	54
29	79	23
29	80	15
29	81	16
29	83	2
29	86	7
29	87	27
29	89	22
29	90	6
29	91	1
29	93	2
29	96	5
29	97	8
29	98	5

30	0	457
30	1	368
30	2	421
30	3	359
30	4	384
30	5	324
30	6	240
30	7	243
30	8	256
30	9	305
30	10	303
30	11	318
30	12	358
30	13	381
30	14	335
30	15	134
30	16	94
30	17	140
30	18	212
30	19	291
30	20	337
30	21	318
30	22	446
30	23	345
30	24	201
30	25	122
30	26	103
30	27	167
30	28	219
30	29	249
30	30	310
30	31	408
30	32	350
30	33	116
30	34	116
30	35	122
30	36	147
30	37	178
30	38	176
30	39	262
30	40	317
30	41	263
30	42	152
30	43	106
30	44	101
30	45	79
30	46	98
30	47	161
30	48	191
30	49	261
30	50	256
30	51	129
30	52	96
30	53	66
30	54	55
30	55	67
30	56	59
30	57	93
30	58	174
30	59	174
30	60	97
30	61	83
30	62	48
30	63	30
30	64	29
30	65	38
30	66	40
30	67	78
30	68	91
30	69	63
30	70	38
30	71	23
30	72	15
30	73	3
30	74	9
30	75	11
30	76	36
30	77	62
30	78	25
30	79	42
30	80	26
30	83	5
30	85	9
30	86	16
30	87	17
30	88	7
30	89	11
30	90	5
30	91	2
30	92	1
30	93	1
30	94	2
30	95	8
30	96	6
30	97	7
30	98	4

31	0	508
31	1	406
31	2	444
31	3	377
31	4	222
31	5	229
31	6	266
31	7	298
31	8	328
31	9	385
31	10	333
31	11	436
31	12	389
31	13	218
31	14	137
31	15	93
31	16	130
31	17	223
31	18	267
31	19	296
31	20	429
31	21	387
31	22	198
31	23	145
31	24	124
31	25	121
31	26	123
31	27	202
31	28	186
31	29	366
31	30	359
31	31	201
31	32	111
31	33	89
31	34	101
31	35	127
31	36	138
31	37	209
31	38	286
31	39	283
31	40	169
31	41	108
31	42	96
31	43	77
31	44	78
31	45	86
31	46	120
31	47	193
31	48	203
31	49	126
31	50	94
31	51	79
31	52	44
31	53	34
31	54	34
31	55	31
31	56	95
31	57	142
31	58	107
31	59	54
31	60	48
31	61	34
31	62	5
31	63	21
31	64	22
31	65	47
31	66	60
31	67	28
31	68	44
31	69	39
31	70	21
31	72	8
31	73	1
31	74	7
31	75	30
31	76	31
31	77	10
31	78	18
31	79	15
31	80	6
31	82	2
31	84	12
31	85	6
31	86	2
31	87	7
31	88	6
31	93	2
31	94	6
31	95	3
31	97	5

32	0	252
32	1	302
32	2	147
32	3	109
32	4	101
32	5	62
32	6	145
32	7	199
32	8	189
32	9	181
32	10	267
32	11	156
32	12	93
32	13	71
32	14	63
32	15	59
32	16	75
32	17	132
32	18	135
32	19	265
32	20	123
32	21	106
32	22	67
32	23	45
32	24	59
32	25	61
32	26	96
32	27	112
32	28	194
32	29	115
32	30	77
32	31	51
32	32	44
32	33	31
32	34	52
32	35	45
32	36	80
32	37	156
32	38	106
32	39	68
32	40	53
32	41	53
32	42	32
32	43	34
32	44	32
32	45	41
32	46	97
32	47	59
32	48	55
32	49	40
32	51	31
32	52	12
32	53	10
32	54	14
32	55	44
32	56	51
32	57	34
32	58	22
32	59	24
32	60	14
32	61	4
32	62	3
32	63	11
32	64	23
32	65	18
32	66	15
32	67	13
32	68	15
32	69	11
32	70	3
32	71	3
32	73	1
32	75	12
32	77	8
32	78	5
32	83	3
32	84	6
32	85	1
32	86	1
32	87	4
32	93	2
32	95	1

33	0	757
33	1	334
33	2	251
33	3	193
33	4	165
33	5	183
33	6	246
33	7	340
33	8	528
33	9	549
33	10	262
33	11	201
33	12	153
33	13	131
33	14	117
33	15	144
33	16	168
33	17	354
33	18	394
33	19	243
33	20	170
33	21	131
33	22	88
33	23	79
33	24	121
33	25	158
33	26	235
33	27	276
33	28	200
33	29	140
33	30	138
33	31	73
33	32	83
33	33	70
33	34	87
33	35	178
33	36	234
33	37	165
33	38	110
33	39	70
33	40	74
33	41	69
33	42	45
33	43	58
33	44	74
33	45	118
33	46	105
33	47	86
33	48	62
33	49	43
33	50	17
33	51	37
33	52	9
33	53	33
33	54	65
33	55	72
33	56	58
33	57	54
33	58	23
33	59	24
33	60	16
33	62	15
33	63	17
33	64	20
33	65	35
33	66	1
33	67	32
33	68	18
33	70	7
33	72	3
33	73	7
33	74	11
33	76	1
33	77	16
33	78	3
33	83	5
33	84	2
33	85	5
33	87	2
33	93	3

34	0	406
34	1	320
34	2	252
34	3	210
34	4	206
34	5	234
34	6	353
34	7	427
34	8	311
34	9	300
34	10	174
34	11	140
34	12	100
34	13	99
34	14	109
34	15	253
34	16	307
34	17	236
34	18	163
34	19	143
34	20	126
34	21	67
34	22	71
34	23	97
34	24	170
34	25	222
34	26	173
34	27	141
34	28	102
34	29	98
34	30	78
34	31	66
34	32	70
34	33	120
34	34	145
34	35	118
34	36	128
34	37	94
34	38	72
34	39	50
34	40	43
34	41	40
34	42	39
34	43	66
34	44	61
34	45	63
34	46	72
34	47	55
34	48	7
34	49	31
34	50	18
34	51	16
34	52	28
34	53	32
34	54	51
34	55	37
34	56	30
34	57	37
34	58	18
34	61	5
34	63	11
34	64	14
34	65	11
34	66	6
34	67	9
34	68	6
34	69	4
34	72	11
34	73	4
34	74	1
34	76	10
34	82	3
34	83	1
34	84	2
34	85	1
34	92	2

35	0	159
35	1	99
35	2	104
35	3	140
35	4	91
35	5	237
35	6	159
35	7	145
35	8	125
35	9	123
35	10	65
35	11	45
35	12	44
35	13	47
35	14	134
35	15	100
35	16	104
35	17	80
35	18	50
35	19	49
35	20	46
35	21	45
35	22	38
35	23	105
35	24	69
35	25	65
35	26	64
35	27	44
35	28	37
35	29	37
35	30	30
35	31	22
35	32	58
35	33	54
35	34	31
35	35	55
35	36	40
35	37	35
35	38	14
35	39	25
35	40	11
35	41	23
35	42	17
35	43	29
35	44	6
35	45	19
35	46	33
35	47	6
35	48	4
35	49	7
35	50	6
35	51	7
35	52	6
35	53	20
35	54	20
35	55	17
35	56	10
35	57	9
35	62	9
35	65	3
35	66	4
35	67	3
35	68	2
35	72	4
35	73	2
35	75	3
35	83	1
35	91	1
35	95	1

36	0	247
36	1	153
36	2	186
36	3	302
36	4	377
36	5	294
36	6	273
36	7	201
36	8	168
36	9	188
36	10	103
36	11	96
36	12	152
36	13	189
36	14	163
36	15	154
36	16	162
36	17	81
36	18	97
36	19	91
36	20	75
36	21	93
36	22	142
36	23	111
36	24	99
36	25	110
36	26	111
36	27	63
36	28	43
36	29	46
36	30	40
36	31	55
36	32	68
36	33	62
36	34	60
36	35	38
36	36	68
36	37	36
36	38	33
36	39	27
36	40	38
36	41	25
36	42	29
36	43	41
36	44	39
36	45	38
36	46	29
36	47	17
36	48	4
36	50	4
36	51	9
36	52	21
36	53	29
36	54	22
36	55	19
36	56	11
36	61	5
36	62	8
36	63	1
36	64	1
36	65	9
36	66	7
36	67	3
36	71	6
36	72	1
36	75	1
36	81	1
36	82	1
36	84	1
36	85	1
36	90	1
36	91	1

37	0	190
37	1	192
37	2	238
37	3	238
37	4	234
37	5	235
37	6	242
37	7	140
37	8	105
37	9	142
37	10	110
37	11	132
37	12	127
37	13	104
37	14	126
37	15	113
37	16	103
37	17	62
37	18	57
37	19	65
37	20	71
37	21	79
37	22	71
37	23	71
37	24	60
37	25	87
37	26	75
37	27	30
37	28	49
37	29	37
37	30	27
37	31	45
37	32	53
37	33	61
37	34	50
37	35	29
37	36	23
37	37	10
37	38	18
37	39	14
37	40	8
37	41	21
37	42	21
37	43	22
37	44	33
37	45	20
37	46	16
37	49	1
37	50	4
37	51	18
37	52	23
37	53	11
37	54	7
37	55	11
37	61	6
37	63	1
37	64	3
37	65	7
37	66	3
37	71	1
37	73	1
37	79	1
37	80	1
37	83	1

38	0	117
38	1	79
38	2	87
38	3	95
38	4	92
38	5	116
38	6	70
38	7	65
38	8	69
38	9	95
38	10	28
38	11	58
38	12	16
38	13	43
38	14	10
38	15	58
38	16	36
38	17	23
38	18	26
38	19	23
38	20	24
38	21	33
38	22	38
38	23	42
38	24	37
38	26	28
38	27	21
38	28	15
38	29	11
38	30	11
38	31	21
38	32	21
38	33	14
38	34	19
38	35	16
38	36	2
38	37	2
38	39	3
38	40	8
38	41	1
38	42	15
38	43	9
38	44	6
38	45	13
38	50	6
38	51	7
38	52	7
38	54	3
38	55	2
38	60	2
38	63	3
38	66	1
38	72	1
38	78	1

39	0	191
39	1	171
39	2	130
39	3	145
39	4	161
39	5	153
39	6	107
39	7	108
39	8	127
39	9	114
39	10	52
39	11	81
39	12	78
39	13	89
39	14	73
39	15	53
39	16	52
39	17	36
39	18	26
39	19	32
39	20	38
39	21	51
39	22	21
39	23	54
39	24	27
39	25	37
39	26	36
39	27	21
39	28	16
39	29	17
39	30	28
39	31	33
39	32	25
39	33	29
39	34	29
39	35	22
39	38	3
39	39	6
39	40	13
39	41	20
39	42	17
39	43	12
39	44	7
39	45	1
39	48	1
39	49	2
39	50	5
39	51	10
39	52	4
39	53	4
39	54	1
39	55	1
39	56	1
39	60	1
39	62	3
39	63	3
39	77	1
39	78	1

40	0	134
40	1	111
40	2	105
40	3	129
40	4	121
40	5	117
40	6	92
40	7	72
40	8	96
40	9	78
40	10	55
40	11	44
40	12	51
40	13	42
40	14	51
40	15	35
40	16	13
40	17	13
40	18	29
40	19	33
40	20	27
40	21	19
40	22	29
40	23	35
40	24	22
40	25	20
40	26	13
40	28	9
40	29	18
40	30	29
40	31	36
40	32	23
40	33	21
40	34	4
40	37	4
40	38	5
40	39	7
40	40	3
40	41	13
40	42	6
40	43	1
40	49	3
40	50	5
40	51	5
40	52	5
40	53	2
40	54	1
40	62	2
40	63	1
40	77	2

41	0	58
41	1	48
41	2	43
41	3	42
41	4	53
41	5	34
41	6	27
41	7	10
41	8	30
41	9	40
41	10	16
41	11	11
41	12	19
41	13	22
41	14	15
41	15	3
41	16	10
41	17	8
41	18	11
41	19	19
41	20	11
41	21	14
41	22	20
41	23	4
41	24	7
41	25	3
41	26	2
41	27	1
41	29	18
41	30	4
41	31	18
41	32	4
41	33	4
41	37	4
41	39	1
41	49	4
41	51	2
41	52	3
41	61	1
41	76	1

42	0	94
42	1	58
42	2	85
42	3	88
42	4	46
42	6	41
42	7	60
42	8	63
42	9	74
42	10	22
42	11	41
42	12	26
42	13	15
42	14	13
42	15	9
42	16	13
42	18	32
42	19	28
42	20	28
42	21	28
42	23	12
42	24	4
42	25	4
42	26	1
42	28	6
42	29	11
42	30	18
42	31	11
42	32	4
42	33	2
42	35	2
42	36	6
42	38	1
42	41	3
42	42	3
42	48	7
42	51	3
42	60	2
42	74	1
42	75	1

43	0	85
43	1	68
43	2	42
43	3	38
43	4	12
43	5	16
43	6	28
43	7	50
43	8	39
43	9	66
43	10	35
43	11	10
43	14	11
43	15	9
43	16	5
43	17	11
43	18	12
43	19	24
43	21	5
43	22	5
43	23	8
43	25	1
43	27	2
43	28	5
43	29	12
43	30	1
43	31	7
43	32	3
43	33	2
43	34	1
43	35	6
43	37	3
43	38	1
43	39	1
43	40	3
43	41	2
43	47	2
43	54	1
43	59	1
43	60	1
43	64	1

44	0	45
44	1	12
44	2	22
44	3	9
44	4	10
44	5	6
44	6	6
44	8	29
44	9	18
44	10	5
44	13	5
44	15	3
44	16	3
44	17	7
44	18	6
44	20	2
44	21	5
44	22	6
44	27	3
44	28	5
44	29	2
44	33	1
44	34	1
44	35	2
44	40	2
44	44	1
44	49	1

45	0	28
45	1	26
45	2	20
45	3	5
45	4	10
45	5	10
45	6	12
45	7	19
45	8	19
45	9	18
45	10	5
45	11	7
45	12	7
45	13	5
45	14	2
45	15	3
45	16	12
45	17	9
45	18	9
45	19	3
45	20	1
45	21	6
45	22	3
45	23	2
45	26	3
45	27	1
45	29	2
45	30	2
45	33	3
45	34	4
45	49	2

46	0	9
46	1	14
46	2	9
46	3	2
46	4	13
46	5	14
46	7	11
46	8	18
46	9	9
46	10	6
46	12	10
46	13	6
46	15	10
46	16	5
46	17	1
46	20	2
46	23	2
46	24	2
46	25	1
46	26	1
46	28	2
46	29	2
46	47	1
46	48	1

47	0	7
47	1	5
47	2	1
47	3	6
47	5	8
47	6	1
47	7	5
47	8	1
47	10	2
47	12	5
47	13	2
47	15	6
47	19	1
47	23	1
47	27	1
47	46	1

48	0	10
48	1	4
48	2	4
48	3	4
48	4	8
48	5	11
48	6	7
48	7	1
48	8	3
48	9	3
48	10	1
48	11	6
48	12	4
48	13	2
48	15	4
48	23	1
48	26	1
48	27	1
48	46	2

49	0	7
49	2	3
49	3	3
49	4	6
49	5	3
49	7	1
49	9	3
49	10	4
49	11	1
49	12	2
49	14	1
49	25	2
49	44	1
49	45	1

50	0	6
50	2	5
50	3	1
50	4	1
50	15	1
50	44	1

51	0	2
51	2	4
51	7	5
51	9	1
51	14	1
51	15	1
51	42	1
51	43	1

52	2	1
52	7	1
52	13	1
52	14	1
52	31	1
52	32	1

53	12	1
53	31	1

54	11	1
54	12	1
54	30	2

55	9	1
55	10	1
55	30	2

56	0	1
56	30	1

57	19	1
57	20	1

58	18	1
58	19	1

59	17	1

60	16	1
60	17	1

61	15	2

62	5	1

63	3	1
63	4	1

64	1	1
64	2	1

65	8	1










































7	97	3

8	96	7
8	97	13

9	86	14
9	87	6
9	94	3
9	95	30
9	96	63
9	97	51
9	98	12
9	99	2

10	75	3
10	76	15
10	78	1
10	84	9
10	85	51
10	86	56
10	88	1
10	92	6
10	93	26
10	94	40
10	95	113
10	96	138
10	97	83

11	66	3
11	74	3
11	75	15
11	76	18
11	78	1
11	83	8
11	84	25
11	85	49
11	86	37
11	87	8
11	91	3
11	92	28
11	93	64
11	94	92
11	95	82
11	96	72
11	97	34
11	98	4

12	46	1
12	54	1
12	56	3
12	63	1
12	64	15
12	65	19
12	72	2
12	73	14
12	74	49
12	75	65
12	76	52
12	77	5
12	81	16
12	82	50
12	83	82
12	84	121
12	85	140
12	86	79
12	89	1
12	90	11
12	91	78
12	92	204
12	93	282
12	94	269
12	95	221
12	96	135
12	97	53
12	98	7
12	99	22

13	35	1
13	45	3
13	53	8
13	55	12
13	62	1
13	63	36
13	64	63
13	65	51
13	66	21
13	69	1
13	70	4
13	71	18
13	72	57
13	73	38
13	74	114
13	75	100
13	76	37
13	79	7
13	80	53
13	81	114
13	82	203
13	83	225
13	84	217
13	85	141
13	86	74
13	88	3
13	89	26
13	90	115
13	91	309
13	92	431
13	93	416
13	94	327
13	95	236
13	96	76
13	97	1
13	98	40
13	99	126

14	25	1
14	35	1
14	43	1
14	45	5
14	53	9
14	54	13
14	55	10
14	56	2
14	59	1
14	60	2
14	61	2
14	62	25
14	63	30
14	64	50
14	65	33
14	66	12
14	70	28
14	71	48
14	72	51
14	73	77
14	74	59
14	75	43
14	76	21
14	79	23
14	80	67
14	81	133
14	82	177
14	83	157
14	84	118
14	85	81
14	87	2
14	88	18
14	89	60
14	90	142
14	91	216
14	92	239
14	93	203
14	94	225
14	95	36
14	96	7
14	97	21
14	98	52
14	99	129

15	15	1
15	25	3
15	33	2
15	34	5
15	35	6
15	40	1
15	43	18
15	44	18
15	45	6
15	46	4
15	48	1
15	50	6
15	51	14
15	52	6
15	53	56
15	54	49
15	56	9
15	58	1
15	60	29
15	61	88
15	62	107
15	63	135
15	64	117
15	65	99
15	66	12
15	68	10
15	69	60
15	70	124
15	71	201
15	72	224
15	73	179
15	74	148
15	75	73
15	78	44
15	79	146
15	80	302
15	81	367
15	82	399
15	83	401
15	84	226
15	85	25
15	86	14
15	87	42
15	88	134
15	89	287
15	90	450
15	91	542
15	92	643
15	93	454
15	94	137
15	95	27
15	96	39
15	97	133
15	98	253
15	99	436

16	4	1
16	5	1
16	15	1
16	23	5
16	24	6
16	25	4
16	28	1
16	30	1
16	32	5
16	33	15
16	34	2
16	38	1
16	40	11
16	41	17
16	42	26
16	43	51
16	44	29
16	45	13
16	49	15
16	50	36
16	51	68
16	52	68
16	53	72
16	54	86
16	55	41
16	56	1
16	57	5
16	58	24
16	59	73
16	60	141
16	61	191
16	62	249
16	63	201
16	64	86
16	65	10
16	66	2
16	67	19
16	68	78
16	69	195
16	70	301
16	71	299
16	72	391
16	73	259
16	74	86
16	75	8
16	76	20
16	77	75
16	78	195
16	79	342
16	80	445
16	81	630
16	82	480
16	83	163
16	84	65
16	85	23
16	86	67
16	87	179
16	88	291
16	89	484
16	90	861
16	91	731
16	92	276
16	93	135
16	94	55
16	95	65
16	96	145
16	97	259
16	98	435
16	99	853

17	13	3
17	14	1
17	15	2
17	18	1
17	22	3
17	23	2
17	30	6
17	31	5
17	32	17
17	33	13
17	34	4
17	39	5
17	40	14
17	41	16
17	42	30
17	43	29
17	44	29
17	45	8
17	48	10
17	49	26
17	50	53
17	51	53
17	52	62
17	53	76
17	54	18
17	56	4
17	57	7
17	58	55
17	59	82
17	60	145
17	61	161
17	62	188
17	63	63
17	64	9
17	65	1
17	66	17
17	67	32
17	68	95
17	69	175
17	70	188
17	71	316
17	72	140
17	73	64
17	74	22
17	75	10
17	76	35
17	77	95
17	78	160
17	79	220
17	80	463
17	81	178
17	82	85
17	83	33
17	84	30
17	85	34
17	86	89
17	87	130
17	88	211
17	89	545
17	90	270
17	91	158
17	92	99
17	93	43
17	94	22
17	95	64
17	96	142
17	97	186
17	98	520
17	99	276

18	3	2
18	5	4
18	10	3
18	11	1
18	12	8
18	13	7
18	14	1
18	17	1
18	18	1
18	20	6
18	22	10
18	25	1
18	28	4
18	29	13
18	30	23
18	31	50
18	32	55
18	33	58
18	34	23
18	35	5
18	38	18
18	39	35
18	40	69
18	41	87
18	42	114
18	43	79
18	44	17
18	46	2
18	47	34
18	48	93
18	49	127
18	50	185
18	51	289
18	52	193
18	53	60
18	54	3
18	55	11
18	56	41
18	57	80
18	58	214
18	59	305
18	60	471
18	61	404
18	62	178
18	63	51
18	64	9
18	65	21
18	66	93
18	67	188
18	68	349
18	69	574
18	70	612
18	71	284
18	72	161
18	73	71
18	74	57
18	75	84
18	76	165
18	77	309
18	78	691
18	79	759
18	80	427
18	81	244
18	82	126
18	83	58
18	84	68
18	85	167
18	86	246
18	87	615
18	88	801
18	89	491
18	90	355
18	91	219
18	92	104
18	93	84
18	94	99
18	95	206
18	96	538
18	97	722
18	98	480
18	99	355

19	1	4
19	2	11
19	4	2
19	5	1
19	7	1
19	8	1
19	9	3
19	10	6
19	12	10
19	13	5
19	17	4
19	19	17
19	20	11
19	21	28
19	22	38
19	23	22
19	24	6
19	25	3
19	27	13
19	28	7
19	29	60
19	30	84
19	31	120
19	32	92
19	33	34
19	34	8
19	35	1
19	36	4
19	37	60
19	38	104
19	39	110
19	40	228
19	41	207
19	42	84
19	43	20
19	44	6
19	45	16
19	46	40
19	47	100
19	48	233
19	49	384
19	50	375
19	51	216
19	52	95
19	53	14
19	54	15
19	55	59
19	56	147
19	57	239
19	58	559
19	59	589
19	60	330
19	61	154
19	62	106
19	63	60
19	64	67
19	65	109
19	66	205
19	67	557
19	68	713
19	69	412
19	70	320
19	71	179
19	72	95
19	73	61
19	74	106
19	75	190
19	76	507
19	77	700
19	78	525
19	79	395
19	80	288
19	81	123
19	82	94
19	83	85
19	84	141
19	85	433
19	86	649
19	87	512
19	88	385
19	89	315
19	90	240
19	91	99
19	92	79
19	93	108
19	94	291
19	95	486
19	96	432
19	97	411
19	98	316
19	99	186

20	0	3
20	2	6
20	3	3
20	8	6
20	9	4
20	11	5
20	12	16
20	17	6
20	18	7
20	19	10
20	20	37
20	21	35
20	22	18
20	23	8
20	24	6
20	25	2
20	26	8
20	27	28
20	28	53
20	29	39
20	30	119
20	31	60
20	32	29
20	35	5
20	36	6
20	37	54
20	38	69
20	39	175
20	40	134
20	41	70
20	42	15
20	43	7
20	44	11
20	45	28
20	46	69
20	47	139
20	48	296
20	49	219
20	50	102
20	51	79
20	52	46
20	53	9
20	54	30
20	55	72
20	56	119
20	57	329
20	58	253
20	59	166
20	60	113
20	61	40
20	62	48
20	63	39
20	64	62
20	65	82
20	66	364
20	67	285
20	68	221
20	69	174
20	70	130
20	71	67
20	72	37
20	73	43
20	74	87
20	75	338
20	76	254
20	77	232
20	78	211
20	79	143
20	80	85
20	81	56
20	82	42
20	83	73
20	84	223
20	85	227
20	86	228
20	87	190
20	88	142
20	89	105
20	90	76
20	91	45
20	92	25
20	93	165
20	94	141
20	95	175
20	96	195
20	97	125
20	98	106
20	99	62

21	0	2
21	1	12
21	2	15
21	6	3
21	7	21
21	8	17
21	9	28
21	10	55
21	11	34
21	12	9
21	13	3
21	15	3
21	17	53
21	18	49
21	19	118
21	20	130
21	21	64
21	22	31
21	23	17
21	24	12
21	25	16
21	26	47
21	27	104
21	28	208
21	29	259
21	30	168
21	31	91
21	32	16
21	33	3
21	34	23
21	35	46
21	36	136
21	37	312
21	38	396
21	39	272
21	40	166
21	41	109
21	42	55
21	43	19
21	44	61
21	45	134
21	46	425
21	47	562
21	48	399
21	49	281
21	50	163
21	51	83
21	52	59
21	53	53
21	54	120
21	55	350
21	56	540
21	57	483
21	58	410
21	59	297
21	60	169
21	61	116
21	62	105
21	63	118
21	64	349
21	65	535
21	66	475
21	67	438
21	68	363
21	69	269
21	70	165
21	71	108
21	72	67
21	73	297
21	74	438
21	75	485
21	76	446
21	77	409
21	78	256
21	79	195
21	80	128
21	81	83
21	82	174
21	83	350
21	84	357
21	85	392
21	86	401
21	87	282
21	88	233
21	89	139
21	90	75
21	91	114
21	92	194
21	93	241
21	94	259
21	95	325
21	96	184
21	97	208
21	98	142
21	99	72

22	0	70
22	1	19
22	2	13
22	3	5
22	4	3
22	5	7
22	6	11
22	7	59
22	8	87
22	9	136
22	10	56
22	11	21
22	12	16
22	13	11
22	15	16
22	16	52
22	17	161
22	18	183
22	19	158
22	20	99
22	21	49
22	23	22
22	24	35
22	25	78
22	26	264
22	27	351
22	28	250
22	29	190
22	30	132
22	31	55
22	32	32
22	33	34
22	34	75
22	35	288
22	36	447
22	37	388
22	38	265
22	39	189
22	40	131
22	41	81
22	42	46
22	43	80
22	44	268
22	45	506
22	46	424
22	47	395
22	48	314
22	49	215
22	50	100
22	51	89
22	52	77
22	53	260
22	54	432
22	55	423
22	56	401
22	57	406
22	58	290
22	59	225
22	60	127
22	61	107
22	62	227
22	63	410
22	64	404
22	65	459
22	66	441
22	67	332
22	68	194
22	69	184
22	70	101
22	71	188
22	72	289
22	73	296
22	74	368
22	75	404
22	76	344
22	77	299
22	78	180
22	79	115
22	80	110
22	81	183
22	82	229
22	83	285
22	84	338
22	85	296
22	86	185
22	87	199
22	88	108
22	89	108
22	90	93
22	91	122
22	92	162
22	93	258
22	94	242
22	95	237
22	96	158
22	97	106
22	98	80
22	99	78

23	0	40
23	1	34
23	2	17
23	4	4
23	5	10
23	6	35
23	7	74
23	8	61
23	9	62
23	10	18
23	11	11
23	12	4
23	13	11
23	15	39
23	16	132
23	17	117
23	18	52
23	19	73
23	20	52
23	21	24
23	22	14
23	23	21
23	24	50
23	25	186
23	26	197
23	27	122
23	28	154
23	29	80
23	30	47
23	31	8
23	32	25
23	33	28
23	34	175
23	35	214
23	36	184
23	37	165
23	38	102
23	39	69
23	40	52
23	41	35
23	42	52
23	43	174
23	44	198
23	45	183
23	46	202
23	47	171
23	48	144
23	49	86
23	50	59
23	51	47
23	52	169
23	53	180
23	54	192
23	55	222
23	56	175
23	57	179
23	58	126
23	59	67
23	60	65
23	61	148
23	62	149
23	63	165
23	64	203
23	65	202
23	66	162
23	67	137
23	68	80
23	69	61
23	70	102
23	71	114
23	72	103
23	73	146
23	74	174
23	75	170
23	76	133
23	77	99
23	78	54
23	79	66
23	80	60
23	81	82
23	82	118
23	83	157
23	84	131
23	85	93
23	86	67
23	87	54
23	88	67
23	89	33
23	90	27
23	91	76
23	92	90
23	93	104
23	94	89
23	95	86
23	96	46
23	97	47
23	98	29
23	99	23

24	0	75
24	1	63
24	2	62
24	3	43
24	4	32
24	5	128
24	6	183
24	7	147
24	8	121
24	9	90
24	10	54
24	11	28
24	12	22
24	13	35
24	14	145
24	15	287
24	16	261
24	17	158
24	18	205
24	19	129
24	20	74
24	21	24
24	22	55
24	23	171
24	24	363
24	25	326
24	26	319
24	27	285
24	28	212
24	29	122
24	30	75
24	31	48
24	32	174
24	33	301
24	34	362
24	35	378
24	36	356
24	37	293
24	38	189
24	39	132
24	40	110
24	41	146
24	42	291
24	43	319
24	44	355
24	45	410
24	46	348
24	47	333
24	48	212
24	49	127
24	50	196
24	51	278
24	52	308
24	53	377
24	54	423
24	55	397
24	56	342
24	57	294
24	58	140
24	59	185
24	60	233
24	61	217
24	62	246
24	63	371
24	64	370
24	65	334
24	66	247
24	67	175
24	68	167
24	69	153
24	70	180
24	71	206
24	72	232
24	73	295
24	74	285
24	75	232
24	76	153
24	77	145
24	78	110
24	79	81
24	80	109
24	81	210
24	82	229
24	83	248
24	84	180
24	85	151
24	86	131
24	87	90
24	88	67
24	89	43
24	90	98
24	91	144
24	92	139
24	93	150
24	94	111
24	95	109
24	96	76
24	97	32
24	98	40
24	99	37

25	0	83
25	1	63
25	2	69
25	3	134
25	4	291
25	5	246
25	6	170
25	7	177
25	8	130
25	9	105
25	10	37
25	11	27
25	12	115
25	13	246
25	14	316
25	15	266
25	16	272
25	17	229
25	18	141
25	19	96
25	20	48
25	21	117
25	22	254
25	23	291
25	24	331
25	25	320
25	26	300
25	27	212
25	28	157
25	29	117
25	30	145
25	31	210
25	32	280
25	33	316
25	34	364
25	35	361
25	36	339
25	37	264
25	38	142
25	39	154
25	40	216
25	41	254
25	42	317
25	43	380
25	44	418
25	45	357
25	46	286
25	47	234
25	48	188
25	49	215
25	50	221
25	51	272
25	52	315
25	53	392
25	54	377
25	55	333
25	56	235
25	57	209
25	58	175
25	59	161
25	60	190
25	61	267
25	62	264
25	63	325
25	64	208
25	65	191
25	66	210
25	67	131
25	68	103
25	69	114
25	70	144
25	71	223
25	72	259
25	73	250
25	74	207
25	75	164
25	76	127
25	77	65
25	78	55
25	79	101
25	80	155
25	81	177
25	82	179
25	83	143
25	84	149
25	85	116
25	86	50
25	87	49
25	88	56
25	89	52
25	90	76
25	91	95
25	92	95
25	93	108
25	94	78
25	95	27
25	96	11
25	97	18
25	98	34
25	99	42

26	0	34
26	1	25
26	2	83
26	3	154
26	4	131
26	5	168
26	6	132
26	7	108
26	8	52
26	9	44
26	10	10
26	11	81
26	12	112
26	13	144
26	14	160
26	15	134
26	16	141
26	17	110
26	18	58
26	19	50
26	20	92
26	21	140
26	22	73
26	23	194
26	24	149
26	25	186
26	26	92
26	27	110
26	28	57
26	29	107
26	30	80
26	31	141
26	32	165
26	33	200
26	34	172
26	35	199
26	36	124
26	37	94
26	38	94
26	39	103
26	40	105
26	41	134
26	42	160
26	43	214
26	44	171
26	45	149
26	46	106
26	47	145
26	48	62
26	49	95
26	50	133
26	51	139
26	52	170
26	53	162
26	54	149
26	55	124
26	56	120
26	57	64
26	58	55
26	59	66
26	60	116
26	61	126
26	62	126
26	63	102
26	64	84
26	65	122
26	66	48
26	67	44
26	68	45
26	69	55
26	70	81
26	71	115
26	72	124
26	73	115
26	74	101
26	75	40
26	76	26
26	77	34
26	78	38
26	79	62
26	80	66
26	81	61
26	82	41
26	83	94
26	84	17
26	85	23
26	86	7
26	87	30
26	88	10
26	89	17
26	90	41
26	91	39
26	92	59
26	93	29
26	94	6
26	95	9
26	96	1
26	97	9
26	98	16
26	99	13

27	0	106
27	1	164
27	2	262
27	3	347
27	4	321
27	5	330
27	6	302
27	7	200
27	8	112
27	9	118
27	10	151
27	11	203
27	12	201
27	13	351
27	14	321
27	15	290
27	16	222
27	17	185
27	18	147
27	19	195
27	20	212
27	21	278
27	22	325
27	23	346
27	24	353
27	25	288
27	26	195
27	27	215
27	28	174
27	29	157
27	30	232
27	31	290
27	32	367
27	33	352
27	34	364
27	35	274
27	36	252
27	37	213
27	38	141
27	39	193
27	40	275
27	41	297
27	42	359
27	43	351
27	44	297
27	45	300
27	46	230
27	47	143
27	48	154
27	49	173
27	50	253
27	51	281
27	52	283
27	53	242
27	54	296
27	55	217
27	56	106
27	57	108
27	58	116
27	59	149
27	60	218
27	61	225
27	62	240
27	63	208
27	64	178
27	65	89
27	66	69
27	67	97
27	68	105
27	69	131
27	70	175
27	71	182
27	72	227
27	73	161
27	74	64
27	75	47
27	76	22
27	77	63
27	78	72
27	79	105
27	80	67
27	81	122
27	82	118
27	83	49
27	84	19
27	85	8
27	86	13
27	87	47
27	88	13
27	89	50
27	90	81
27	91	74
27	92	25
27	93	18
27	94	9
27	95	17
27	97	26
27	98	13
27	99	13

28	0	252
28	1	233
28	2	303
28	3	350
28	4	374
28	5	337
28	6	278
28	7	239
28	8	205
28	9	206
28	10	216
28	11	276
28	12	339
28	13	352
28	14	307
28	15	234
28	16	257
28	17	213
28	18	145
28	19	185
28	20	237
28	21	323
28	22	372
28	23	316
28	24	291
28	25	234
28	26	225
28	27	147
28	28	161
28	29	250
28	30	308
28	31	278
28	32	379
28	33	324
28	34	354
28	35	277
28	36	163
28	37	109
28	38	194
28	39	231
28	40	291
28	41	306
28	42	295
28	43	355
28	44	247
28	45	139
28	46	103
28	47	137
28	48	70
28	49	205
28	50	270
28	51	263
28	52	267
28	53	247
28	54	103
28	55	94
28	56	97
28	57	128
28	58	140
28	59	168
28	60	176
28	61	249
28	62	192
28	63	104
28	64	37
28	65	65
28	66	60
28	67	105
28	68	106
28	69	117
28	70	133
28	71	177
28	72	78
28	73	43
28	74	31
28	75	22
28	76	30
28	77	31
28	78	74
28	79	88
28	80	92
28	81	47
28	82	1
28	83	7
28	84	14
28	85	13
28	86	17
28	87	38
28	88	33
28	89	57
28	90	33
28	91	23
28	92	13
28	93	9
28	94	7
28	95	3
28	97	18
28	98	9
28	99	11

29	0	163
29	1	137
29	2	195
29	3	186
29	4	173
29	5	157
29	6	173
29	7	123
29	8	113
29	9	122
29	10	139
29	11	157
29	12	198
29	13	168
29	14	128
29	15	160
29	16	97
29	17	53
29	18	92
29	19	137
29	20	147
29	21	151
29	22	168
29	23	138
29	24	192
29	25	97
29	26	70
29	27	64
29	28	108
29	29	115
29	30	153
29	31	160
29	32	139
29	33	230
29	34	97
29	35	64
29	36	55
29	37	76
29	38	74
29	39	135
29	40	135
29	41	156
29	42	210
29	43	104
29	44	48
29	45	54
29	46	71
29	47	49
29	48	81
29	49	103
29	50	107
29	51	166
29	52	75
29	53	54
29	54	16
29	55	54
29	56	56
29	57	60
29	58	72
29	59	64
29	60	129
29	61	69
29	62	36
29	63	22
29	64	10
29	65	23
29	66	22
29	67	35
29	68	56
29	69	79
29	70	51
29	71	29
29	72	15
29	73	12
29	74	12
29	75	9
29	76	14
29	77	20
29	78	37
29	79	22
29	80	14
29	82	2
29	83	3
29	84	2
29	85	5
29	86	12
29	87	30
29	88	16
29	89	16
29	90	6
29	91	9
29	92	6
29	93	4
29	95	1
29	96	3

30	0	426
30	1	380
30	2	411
30	3	369
30	4	401
30	5	322
30	6	241
30	7	226
30	8	262
30	9	323
30	10	298
30	11	363
30	12	361
30	13	366
30	14	269
30	15	166
30	16	138
30	17	164
30	18	243
30	19	279
30	20	278
30	21	293
30	22	386
30	23	355
30	24	165
30	25	131
30	26	134
30	27	155
30	28	223
30	29	262
30	30	297
30	31	339
30	32	364
30	33	190
30	34	118
30	35	127
30	36	128
30	37	138
30	38	195
30	39	273
30	40	362
30	41	308
30	42	168
30	43	84
30	44	69
30	45	120
30	46	103
30	47	120
30	48	151
30	49	231
30	50	267
30	51	123
30	52	76
30	53	55
30	54	71
30	55	72
30	56	103
30	57	124
30	58	145
30	59	160
30	60	116
30	61	65
30	62	49
30	63	25
30	64	31
30	65	32
30	66	37
30	67	111
30	68	113
30	69	61
30	70	45
30	71	16
30	72	15
30	73	17
30	75	29
30	76	41
30	77	61
30	78	22
30	79	29
30	80	12
30	81	5
30	83	10
30	84	7
30	85	15
30	86	25
30	87	13
30	88	16
30	89	24
30	90	14
30	91	11
30	92	8
30	93	4
30	94	1
30	95	3
30	96	1
30	97	1
30	98	1

31	0	512
31	1	446
31	2	504
31	3	366
31	4	214
31	5	210
31	6	219
31	7	281
31	8	392
31	9	381
31	10	315
31	11	404
31	12	366
31	13	190
31	14	125
31	15	164
31	16	166
31	17	196
31	18	220
31	19	249
31	20	385
31	21	375
31	22	225
31	23	132
31	24	136
31	25	136
31	26	134
31	27	191
31	28	247
31	29	353
31	30	370
31	31	196
31	32	140
31	33	103
31	34	99
31	35	119
31	36	116
31	37	163
31	38	262
31	39	323
31	40	190
31	41	96
31	42	76
31	43	51
31	44	87
31	45	96
31	46	121
31	47	184
31	48	183
31	49	148
31	50	100
31	51	62
31	52	58
31	53	51
31	54	61
31	55	63
31	56	109
31	57	135
31	58	65
31	59	48
31	60	56
31	61	27
31	62	29
31	64	27
31	65	58
31	66	74
31	67	55
31	68	36
31	69	34
31	70	6
31	72	10
31	73	8
31	74	25
31	75	34
31	76	24
31	77	28
31	78	6
31	79	13
31	80	12
31	81	1
31	82	7
31	83	3
31	84	5
31	85	8
31	86	11
31	87	8
31	88	18
31	89	7
31	90	3
31	91	5
31	92	6
31	93	1

32	0	268
32	1	325
32	2	179
32	3	95
32	4	94
32	5	83
32	6	115
32	7	167
32	8	172
32	9	184
32	10	249
32	11	157
32	12	83
32	13	63
32	14	79
32	15	71
32	16	79
32	17	112
32	18	126
32	19	227
32	20	147
32	21	93
32	22	78
32	23	51
32	24	60
32	25	67
32	26	83
32	27	120
32	28	193
32	29	152
32	30	77
32	31	50
32	32	43
32	33	54
32	34	54
32	35	64
32	36	19
32	37	176
32	38	104
32	39	68
32	40	47
32	41	33
32	42	39
32	43	3
32	44	44
32	45	49
32	46	95
32	47	74
32	48	41
32	49	38
32	50	43
32	51	22
32	52	18
32	53	26
32	54	20
32	55	53
32	56	42
32	57	13
32	58	19
32	59	14
32	60	12
32	61	10
32	62	4
32	63	7
32	64	36
32	65	26
32	66	19
32	67	20
32	68	13
32	69	7
32	70	2
32	71	4
32	73	9
32	75	7
32	76	10
32	77	10
32	78	4
32	79	6
32	81	5
32	83	1
32	84	4
32	88	9
32	89	1
32	90	1
32	91	2
32	95	3
32	96	1

33	0	806
33	1	357
33	2	245
33	3	193
33	4	191
33	5	203
33	6	237
33	7	318
33	8	494
33	9	567
33	10	238
33	11	219
33	12	123
33	13	132
33	14	130
33	15	139
33	16	179
33	17	300
33	18	332
33	19	267
33	20	184
33	21	150
33	22	97
33	23	113
33	24	138
33	25	118
33	26	227
33	27	318
33	28	226
33	29	157
33	30	103
33	31	74
33	32	80
33	33	74
33	34	109
33	35	150
33	36	218
33	37	169
33	38	96
33	39	99
33	40	74
33	41	38
33	42	39
33	43	55
33	44	93
33	45	134
33	46	82
33	47	76
33	48	45
33	49	65
33	50	35
33	51	41
33	52	25
33	53	50
33	54	65
33	55	65
33	56	43
33	57	36
33	58	20
33	59	11
33	60	20
33	61	13
33	62	21
33	63	30
33	64	25
33	65	32
33	66	31
33	67	25
33	68	18
33	69	3
33	72	9
33	73	1
33	74	4
33	75	14
33	77	17
33	78	13
33	79	2
33	80	8
33	81	6
33	84	7
33	85	3
33	87	3
33	88	9
33	90	1
33	95	1
33	96	2

34	0	427
34	1	328
34	2	245
34	3	190
34	4	217
34	5	241
34	6	360
34	7	459
34	8	372
34	9	300
34	10	179
34	11	153
34	12	107
34	13	107
34	14	119
34	15	208
34	16	295
34	17	230
34	18	191
34	19	133
34	20	115
34	21	74
34	22	97
34	23	93
34	24	154
34	25	196
34	26	203
34	27	136
34	28	116
34	29	98
34	30	84
34	31	58
34	32	60
34	33	125
34	34	144
34	35	118
34	36	97
34	37	82
34	38	59
34	39	66
34	40	31
34	41	44
34	42	65
34	43	91
34	44	75
34	45	43
34	46	53
34	47	33
34	48	27
34	49	32
34	50	4
34	51	28
34	52	31
34	53	25
34	54	49
34	55	41
34	56	36
34	57	25
34	59	15
34	60	15
34	61	9
34	62	16
34	63	16
34	64	16
34	66	19
34	67	23
34	68	8
34	69	3
34	70	5
34	74	11
34	75	4
34	77	16
34	78	1
34	79	3
34	80	3
34	83	4
34	86	2
34	87	5
34	96	5

35	0	158
35	1	125
35	2	78
35	3	133
35	4	107
35	5	214
35	6	166
35	7	164
35	8	135
35	9	98
35	10	75
35	11	60
35	12	56
35	13	51
35	14	129
35	15	107
35	16	111
35	17	84
35	18	58
35	19	53
35	20	52
35	21	35
35	22	45
35	23	82
35	24	66
35	25	64
35	26	61
35	27	42
35	28	42
35	29	32
35	30	23
35	31	26
35	32	56
35	33	30
35	34	54
35	35	31
35	36	40
35	37	29
35	38	16
35	39	20
35	40	10
35	41	40
35	42	32
35	43	19
35	44	23
35	45	16
35	47	12
35	48	6
35	49	10
35	50	11
35	52	17
35	53	16
35	54	20
35	55	10
35	56	20
35	57	8
35	58	5
35	59	8
35	60	4
35	63	5
35	64	7
35	65	3
35	66	5
35	68	1
35	69	2
35	73	4
35	77	8
35	86	3
35	95	2

36	0	242
36	1	191
36	2	202
36	3	262
36	4	369
36	5	339
36	6	269
36	7	205
36	8	191
36	9	187
36	10	102
36	11	92
36	12	144
36	13	199
36	14	153
36	15	176
36	16	158
36	17	103
36	18	97
36	19	75
36	20	53
36	21	87
36	22	97
36	23	88
36	24	87
36	25	96
36	26	68
36	27	68
36	28	67
36	29	52
36	30	66
36	31	76
36	32	60
36	33	73
36	34	70
36	35	47
36	36	42
36	37	30
36	38	24
36	39	24
36	40	39
36	41	40
36	42	25
36	43	43
36	44	32
36	45	35
36	46	35
36	47	5
36	48	19
36	49	15
36	50	7
36	51	8
36	52	19
36	53	26
36	54	23
36	55	7
36	56	20
36	57	8
36	58	8
36	59	13
36	62	5
36	63	8
36	64	3
36	65	1
36	66	8
36	72	4
36	75	10
36	76	9
36	85	4

37	0	171
37	1	198
37	2	224
37	3	227
37	4	224
37	5	228
37	6	183
37	7	145
37	8	184
37	9	111
37	10	107
37	11	127
37	12	119
37	13	99
37	14	129
37	15	124
37	16	81
37	17	65
37	18	69
37	19	89
37	20	92
37	21	56
37	22	74
37	23	70
37	24	75
37	25	70
37	26	50
37	27	33
37	28	54
37	29	44
37	30	40
37	31	32
37	32	52
37	33	32
37	34	49
37	35	32
37	36	32
37	37	2
37	38	25
37	39	19
37	40	6
37	41	19
37	42	32
37	43	30
37	44	31
37	45	15
37	46	16
37	47	11
37	48	14
37	49	9
37	50	2
37	51	10
37	52	15
37	53	7
37	55	8
37	56	3
37	59	2
37	62	11
37	64	8
37	65	13
37	73	3
37	74	3
37	75	3

38	0	103
38	1	98
38	2	71
38	3	92
38	4	92
38	5	91
38	6	76
38	7	84
38	8	71
38	9	91
38	10	47
38	11	35
38	12	45
38	13	63
38	14	24
38	15	50
38	16	35
38	17	8
38	18	50
38	20	34
38	21	27
38	22	28
38	23	27
38	24	24
38	25	13
38	26	22
38	27	19
38	28	15
38	29	10
38	30	13
38	31	16
38	32	17
38	33	20
38	34	28
38	36	10
38	37	8
38	38	12
38	39	4
38	40	4
38	41	10
38	42	13
38	43	9
38	44	3
38	45	9
38	46	1
38	47	1
38	48	3
38	51	3
38	52	8
38	54	5
38	55	1
38	58	1
38	63	4
38	64	2
38	65	1
38	72	2
38	74	1

39	0	182
39	1	140
39	2	146
39	3	122
39	4	138
39	5	156
39	6	129
39	7	135
39	8	145
39	9	104
39	10	61
39	11	80
39	12	87
39	13	78
39	14	65
39	15	50
39	16	50
39	17	59
39	18	28
39	19	40
39	20	44
39	21	43
39	22	24
39	23	56
39	24	40
39	25	20
39	26	32
39	27	17
39	28	28
39	29	10
39	31	41
39	32	33
39	33	27
39	34	21
39	35	11
39	36	7
39	38	12
39	39	14
39	40	13
39	41	20
39	42	20
39	43	14
39	44	15
39	45	1
39	47	3
39	48	1
39	50	2
39	51	7
39	53	5
39	54	2
39	55	1
39	61	2
39	62	8
39	63	2
39	64	3
39	74	2

40	0	117
40	1	107
40	2	109
40	3	102
40	4	104
40	5	121
40	6	123
40	7	90
40	8	82
40	9	77
40	10	42
40	11	58
40	12	73
40	13	53
40	14	34
40	15	26
40	16	29
40	17	24
40	18	30
40	19	16
40	20	25
40	21	48
40	22	35
40	23	36
40	24	20
40	25	14
40	26	3
40	27	4
40	28	22
40	29	7
40	30	11
40	31	26
40	32	32
40	33	25
40	34	4
40	35	5
40	37	2
40	38	5
40	39	15
40	40	10
40	42	5
40	43	8
40	44	3
40	47	1
40	50	6
40	51	4
40	52	2
40	61	5
40	62	3
40	64	2

41	0	68
41	1	36
41	2	44
41	3	43
41	4	55
41	5	33
41	6	29
41	7	35
41	8	43
41	9	16
41	10	25
41	11	35
41	12	25
41	13	16
41	14	7
41	16	7
41	17	3
41	18	13
41	19	9
41	20	5
41	21	16
41	22	36
41	23	10
41	24	5
41	25	3
41	26	3
41	28	8
41	30	11
41	31	1
41	32	8
41	33	6
41	34	1
41	36	1
41	38	8
41	39	2
41	40	1
41	41	1
41	49	3
41	51	4
41	60	1
41	63	1

42	0	90
42	1	81
42	2	86
42	3	50
42	4	41
42	5	54
42	6	46
42	7	46
42	8	58
42	9	42
42	10	44
42	11	56
42	12	49
42	13	9
42	14	9
42	15	2
42	18	23
42	20	29
42	21	32
42	22	19
42	23	7
42	24	7
42	25	5
42	26	3
42	27	8
42	28	15
42	29	6
42	30	5
42	31	6
42	32	10
42	36	1
42	38	9
42	39	6
42	40	3
42	48	1
42	50	3
42	51	6
42	53	1
42	63	1

43	0	106
43	1	64
43	2	27
43	3	16
43	4	21
43	5	28
43	6	25
43	7	39
43	8	31
43	9	39
43	10	44
43	11	19
43	12	6
43	13	6
43	14	4
43	16	4
43	17	12
43	18	6
43	19	13
43	20	22
43	21	8
43	22	6
43	24	6
43	26	3
43	27	17
43	28	9
43	30	4
43	37	2
43	38	3
43	39	3
43	42	1
43	43	1
43	49	1
43	50	4
43	51	2

44	0	50
44	1	9
44	3	10
44	4	15
44	6	16
44	7	8
44	8	15
44	9	26
44	10	8
44	11	7
44	14	3
44	15	2
44	16	6
44	17	1
44	19	8
44	20	5
44	22	1
44	26	10
44	27	2
44	32	1
44	37	1
44	39	2
44	49	2
44	50	1

45	0	50
45	1	16
45	2	23
45	3	17
45	4	11
45	5	8
45	6	4
45	7	16
45	8	6
45	9	16
45	10	8
45	11	4
45	14	7
45	15	14
45	16	3
45	18	7
45	19	16
45	21	2
45	22	2
45	25	8
45	26	9
45	29	2
45	36	1
45	37	1
45	40	2
45	47	1
45	48	3

46	0	21
46	1	10
46	2	15
46	3	14
46	4	12
46	5	3
46	6	5
46	8	12
46	9	10
46	13	6
46	14	11
46	16	4
46	17	6
46	18	5
46	21	4
46	24	2
46	25	11
46	26	1
46	38	1
46	39	1
46	47	4

47	0	6
47	2	6
47	3	11
47	5	1
47	6	4
47	7	8
47	8	4
47	12	3
47	14	3
47	17	2
47	20	2
47	24	1
47	25	5
47	37	1
47	46	2

48	0	6
48	1	11
48	2	13
48	3	9
48	4	1
48	5	1
48	6	15
48	7	6
48	13	4
48	14	6
48	15	5
48	17	3
48	19	4
48	25	2
48	26	1
48	35	1
48	36	4

49	0	8
49	2	1
49	5	4
49	6	7
49	7	7
49	8	6
49	11	2
49	12	5
49	13	5
49	15	3
49	16	1
49	18	2
49	35	3
49	36	1

50	1	3
50	2	3
50	3	1
50	4	2
50	6	3
50	10	1
50	13	1
50	14	2
50	25	1
50	34	1

51	0	3
51	1	6
51	3	2
51	4	4
51	5	4
51	9	1
51	13	2
51	23	2
51	24	2

52	0	8
52	2	2
52	3	5
52	4	2
52	12	1
52	13	2
52	23	1

53	0	2
53	2	4
53	3	1
53	7	1

54	0	1
54	1	7
54	2	2

55	1	2
55	8	4
55	9	1













































