





6	90	5
6	98	24
6	99	37

7	78	8
7	79	10
7	87	52
7	88	75
7	89	24
7	96	259
7	97	184
7	98	68

8	68	4
8	69	3
8	77	29
8	78	37
8	86	153
8	87	74
8	95	507
8	96	124

9	57	12
9	58	10
9	59	1
9	66	42
9	67	54
9	68	24
9	75	202
9	76	167
9	77	51
9	84	370
9	85	647
9	86	102
9	93	860
9	94	968
9	95	406

10	46	15
10	47	18
10	48	4
10	55	76
10	56	73
10	57	27
10	64	157
10	65	305
10	66	55
10	73	410
10	74	571
10	75	249
10	82	842
10	83	981
10	84	371
10	91	1286
10	92	1429
10	93	408

11	36	6
11	37	8
11	45	45
11	46	24
11	54	83
11	55	143
11	63	315
11	64	258
11	72	617
11	73	349
11	81	1069
11	82	350
11	90	1468
11	91	339
11	99	1345

12	25	7
12	26	11
12	27	7
12	34	41
12	35	71
12	36	7
12	43	123
12	44	225
12	45	105
12	52	352
12	53	435
12	54	192
12	61	672
12	62	813
12	63	312
12	70	1067
12	71	1204
12	72	350
12	79	1088
12	80	1931
12	81	347
12	88	1183
12	89	1671
12	90	560
12	97	1182
12	98	1512
12	99	334

13	5	2
13	14	8
13	15	16
13	23	66
13	24	86
13	25	23
13	32	160
13	33	223
13	34	112
13	41	365
13	42	505
13	43	202
13	50	683
13	51	798
13	52	300
13	59	768
13	60	1529
13	61	322
13	68	998
13	69	1526
13	70	675
13	77	1186
13	78	1564
13	79	550
13	86	1101
13	87	1465
13	88	341
13	95	810
13	96	1147
13	97	181

14	4	6
14	5	3
14	13	38
14	14	34
14	22	119
14	23	92
14	31	264
14	32	211
14	40	520
14	41	302
14	49	598
14	50	590
14	58	866
14	59	628
14	67	1085
14	68	511
14	76	1173
14	77	377
14	85	982
14	86	186
14	94	574
14	95	144

15	2	54
15	3	65
15	4	20
15	5	6
15	6	9
15	11	132
15	12	182
15	13	59
15	20	301
15	21	433
15	22	160
15	29	470
15	30	728
15	31	270
15	38	631
15	39	1076
15	40	426
15	47	849
15	48	1289
15	49	596
15	56	1012
15	57	1511
15	58	570
15	65	1147
15	66	1462
15	67	457
15	74	773
15	75	1443
15	76	273
15	83	618
15	84	895
15	85	257
15	92	362
15	93	549
15	94	111

16	0	151
16	1	231
16	2	77
16	6	21
16	7	62
16	8	39
16	9	321
16	10	414
16	11	177
16	18	533
16	19	702
16	20	259
16	27	688
16	28	1072
16	29	356
16	36	855
16	37	1273
16	38	527
16	45	971
16	46	1453
16	47	547
16	54	835
16	55	1671
16	56	454
16	63	774
16	64	1199
16	65	472
16	72	586
16	73	915
16	74	283
16	81	394
16	82	569
16	83	133
16	90	212
16	91	302
16	92	28
16	99	92

17	0	405
17	8	501
17	9	307
17	17	614
17	18	394
17	26	774
17	27	507
17	35	904
17	36	489
17	44	798
17	45	683
17	53	791
17	54	470
17	62	676
17	63	298
17	71	511
17	72	137
17	80	302
17	81	54
17	89	127
17	90	23
17	98	72
17	99	4

18	0	198
18	1	375
18	2	263
18	6	600
18	7	881
18	8	307
18	9	84
18	15	747
18	16	1175
18	17	451
18	24	837
18	25	1363
18	26	500
18	33	859
18	34	1471
18	35	576
18	42	772
18	43	1255
18	44	574
18	51	648
18	52	1049
18	53	389
18	60	504
18	61	743
18	62	221
18	69	271
18	70	501
18	71	93
18	78	150
18	79	241
18	80	55
18	87	73
18	88	96
18	89	16
18	96	33
18	97	59
18	98	1

19	2	208
19	3	525
19	4	1066
19	5	1102
19	6	392
19	13	932
19	14	1284
19	15	535
19	22	866
19	23	1420
19	24	484
19	31	736
19	32	1248
19	33	490
19	40	693
19	41	1035
19	42	392
19	49	387
19	50	830
19	51	225
19	58	288
19	59	449
19	60	172
19	67	179
19	68	254
19	69	72
19	76	70
19	77	126
19	78	8
19	85	36
19	86	56
19	87	9
19	94	6
19	95	14

20	3	864
20	4	661
20	5	365
20	12	889
20	13	467
20	21	814
20	22	485
20	30	705
20	31	358
20	39	546
20	40	271
20	48	344
20	49	188
20	57	247
20	58	88
20	66	106
20	67	19
20	75	56
20	76	1
20	84	22
20	85	3
20	93	2

21	1	836
21	2	1377
21	3	454
21	5	236
21	6	642
21	7	445
21	10	846
21	11	1249
21	12	469
21	19	668
21	20	1151
21	21	425
21	28	579
21	29	896
21	30	329
21	37	360
21	38	626
21	39	229
21	46	255
21	47	388
21	48	141
21	55	117
21	56	207
21	57	49
21	64	61
21	65	92
21	66	9
21	73	17
21	74	29
21	75	3
21	82	12
21	83	19
21	84	3

22	0	2094
22	1	466
22	7	231
22	8	1360
22	9	1519
22	10	429
22	17	540
22	18	889
22	19	278
22	26	406
22	27	643
22	28	230
22	35	236
22	36	418
22	37	126
22	44	124
22	45	248
22	46	63
22	53	58
22	54	99
22	55	33
22	62	23
22	63	36
22	71	9
22	72	17
22	73	4
22	80	3
22	81	5

23	0	418
23	1	363
23	7	637
23	8	286
23	9	205
23	16	453
23	17	213
23	25	351
23	26	142
23	34	145
23	35	76
23	43	98
23	44	48
23	52	51
23	53	5
23	61	13
23	62	2
23	70	5
23	71	1

24	1	126
24	2	439
24	3	291
24	5	495
24	6	790
24	7	267
24	14	319
24	15	544
24	16	174
24	23	176
24	24	325
24	25	117
24	32	111
24	33	148
24	34	59
24	41	49
24	42	98
24	43	25
24	50	19
24	51	37
24	52	3
24	59	2
24	61	1
24	68	3
24	69	6
24	70	1

25	3	444
25	4	890
25	5	409
25	12	193
25	13	340
25	14	93
25	21	114
25	22	184
25	23	55
25	30	51
25	31	97
25	32	36
25	39	27
25	40	39
25	41	5
25	48	4
25	49	12
25	57	1
25	59	1
25	66	2
25	67	3

26	2	281
26	3	109
26	5	78
26	6	164
26	11	147
26	12	49
26	20	90
26	21	36
26	29	31
26	30	11
26	38	21
26	39	2
26	47	1
26	48	1
26	56	2

27	0	174
27	1	278
27	2	74
27	6	56
27	7	162
27	8	117
27	9	91
27	10	172
27	11	49
27	18	38
27	19	68
27	20	23
27	27	19
27	28	29
27	29	5
27	36	10
27	37	11
27	46	3
27	47	1

28	0	216
28	1	48
28	7	40
28	8	116
28	9	146
28	16	21
28	17	28
28	25	6
28	26	13
28	27	2
28	34	6
28	35	7

29	1	6
29	2	13
29	6	41
29	7	6
29	15	10
29	16	1
29	24	9

30	2	6
30	3	15
30	4	37
30	5	32
30	6	1
30	13	4
30	14	10
30	22	4
30	23	4

31	2	3
31	3	10
31	4	1
31	5	14
31	6	6
31	11	4
31	21	4

32	1	7
32	6	1

33	0	11
33	9	3



































































