0	198	20
0	199	20

1	196	20
1	197	20
1	198	20

2	195	20
2	196	20

3	193	20
3	194	20
3	195	20

4	191	3
4	192	20
4	193	20

5	190	20
5	191	20
5	192	17

6	188	17
6	189	20
6	190	20

7	187	20
7	188	20
7	189	3

8	185	20
8	186	20
8	187	20

9	183	2
9	184	20
9	185	20

10	182	20
10	183	20
10	184	18

11	180	11
11	181	20
11	182	20

12	179	20
12	180	20
12	181	9

13	177	18
13	178	20
13	179	20

14	175	2
14	176	20
14	177	20
14	178	2

15	174	20
15	175	20
15	176	18

16	172	9
16	173	20
16	174	20

17	171	20
17	172	20
17	173	11

18	169	16
18	170	20
18	171	20

19	167	3
19	168	20
19	169	20
19	170	4

20	166	20
20	167	20
20	168	17

21	164	8
21	165	20
21	166	20

22	163	20
22	164	20
22	165	12

23	161	16
23	162	20
23	163	20

24	159	2
24	160	20
24	161	20
24	162	4

25	158	20
25	159	20
25	160	18

26	156	5
26	157	20
26	158	20

27	155	20
27	156	20
27	157	15

28	153	12
28	154	20
28	155	20

29	151	1
29	152	20
29	153	20
29	154	8

30	150	19
30	151	20
30	152	19

31	148	3
31	149	20
31	150	20
31	151	1

32	146	1
32	147	20
32	148	20
32	149	17

33	145	7
33	146	20
33	147	19

34	143	1
34	144	20
34	145	20
34	146	13

35	142	19
35	143	20
35	144	19

36	140	3
36	141	20
36	142	20
36	143	1

37	139	20
37	140	20
37	141	17

38	137	5
38	138	20
38	139	20

39	135	1
39	136	20
39	137	20
39	138	15

40	134	15
40	135	20
40	136	19

41	132	2
41	133	20
41	134	20
41	135	5

42	131	20
42	132	20
42	133	18

43	129	6
43	130	20
43	131	20

44	127	1
44	128	20
44	129	20
44	130	14

45	126	13
45	127	20
45	128	19

46	124	1
46	125	20
46	126	20
46	127	7

47	123	16
47	124	20
47	125	19

48	121	5
48	122	20
48	123	20
48	124	4

49	119	1
49	120	19
49	121	20
49	122	15

50	118	11
50	119	20
50	120	19
50	121	1

51	116	1
51	117	20
51	118	20
51	119	9

52	115	16
52	116	20
52	117	19

53	113	3
53	114	20
53	115	20
53	116	4

54	112	19
54	113	20
54	114	17

55	110	10
55	111	20
55	112	20
55	113	1

56	108	1
56	109	20
56	110	20
56	111	10

57	107	13
57	108	20
57	109	19

58	105	2
58	106	20
58	107	20
58	108	7

59	104	18
59	105	20
59	106	18

60	102	6
60	103	20
60	104	20
60	105	2

61	101	20
61	102	20
61	103	14

62	99	12
62	100	20
62	101	20

63	97	1
63	98	20
63	99	20
63	100	8

64	96	18
64	97	20
64	98	19

65	94	4
65	95	20
65	96	20
65	97	2

66	93	20
66	94	20
66	95	16

67	91	9
67	92	20
67	93	20

68	89	2
68	90	20
68	91	20
68	92	11

69	88	17
69	89	20
69	90	18

70	86	3
70	87	20
70	88	20
70	89	3

71	85	19
71	86	20
71	87	17

72	83	7
72	84	20
72	85	20
72	86	1

73	81	2
73	82	20
73	83	20
73	84	13

74	80	13
74	81	20
74	82	18

75	78	2
75	79	20
75	80	20
75	81	7

76	77	16
76	78	20
76	79	18

77	75	5
77	76	20
77	77	20
77	78	4

78	73	1
78	74	20
78	75	20
78	76	15

79	72	8
79	73	20
79	74	19

80	70	3
80	71	20
80	72	20
80	73	12

81	69	15
81	70	20
81	71	17

82	67	4
82	68	20
82	69	20
82	70	5

83	65	2
83	66	19
83	67	20
83	68	16

84	64	7
84	65	20
84	66	18
84	67	1

85	62	2
85	63	20
85	64	20
85	65	13

86	61	12
86	62	20
86	63	18

87	59	4
87	60	20
87	61	20
87	62	8

88	57	1
88	58	19
88	59	20
88	60	16

89	56	6
89	57	20
89	58	19
89	59	1

90	54	2
90	55	20
90	56	20
90	57	14

91	53	11
91	54	20
91	55	18

92	51	3
92	52	20
92	53	20
92	54	9

93	50	19
93	51	20
93	52	17

94	48	5
94	49	20
94	50	20
94	51	1

95	46	1
95	47	20
95	48	20
95	49	15

96	45	9
96	46	20
96	47	19

97	43	2
97	44	20
97	45	20
97	46	11

98	42	18
98	43	20
98	44	18

99	40	4
99	41	20
99	42	20
99	43	2

100	39	19
100	40	20
100	41	16

101	37	7
101	38	20
101	39	20
101	40	1

102	35	1
102	36	20
102	37	20
102	38	13

103	34	14
103	35	20
103	36	19

104	32	2
104	33	20
104	34	20
104	35	6

105	31	18
105	32	20
105	33	18

106	29	3
106	30	20
106	31	20
106	32	2

107	27	1
107	28	20
107	29	20
107	30	17

108	26	11
108	27	20
108	28	19

109	24	1
109	25	20
109	26	20
109	27	9

110	23	17
110	24	20
110	25	19

111	21	3
111	22	20
111	23	20
111	24	3

112	20	19
112	21	20
112	22	17

113	18	9
113	19	20
113	20	20
113	21	1

114	16	1
114	17	20
114	18	20
114	19	11

115	15	15
115	16	20
115	17	19

116	13	3
116	14	20
116	15	20
116	16	5

117	12	18
117	13	20
117	14	17

118	10	6
118	11	20
118	12	20
118	13	2

119	9	19
119	10	20
119	11	14

120	7	13
120	8	20
120	9	20
120	10	1

121	5	2
121	6	20
121	7	20
121	8	7

122	4	16
122	5	20
122	6	18

123	2	5
123	3	20
123	4	20
123	5	4

124	1	19
124	2	20
124	3	15

125	0	20
125	1	20
125	2	1

126	0	9


















































































































































































































































































